0.000000000000000000e+00 0.000000000000000000e+00 0.000000000000000000e+00 0.000000000000000000e+00
3.922901531826221699e-01 3.594720481176373883e-01 2.474419485877654354e-02 5.947838675376128370e-02
7.842875717148560799e-01 6.735530188156532150e-01 2.206826828256712187e-03 1.500388870136067365e-01
1.852437202618966161e+00 9.580142755710060465e-01 3.454084907703875666e-03 2.696539092559245843e-01
3.760579647943568027e+00 1.227379044590060087e+00 3.947473646518063865e-03 4.408643335588572909e-01
4.437180934852326786e+00 1.412110239684796431e+00 4.377259342278457845e-03 5.177406015243235515e-01
7.071617950249984297e+00 1.625942362287389642e+00 3.899065828056080471e-03 6.658279687344688114e-01
8.442289745306336357e+00 1.805074777443781864e+00 2.167489858610246144e-03 7.606891101979493808e-01
4.494581977749085411e+00 1.983458664819377715e+00 1.074364794118594195e-02 8.401924669904076159e-01
9.363599824708030539e+00 2.116747906314827343e+00 2.042249768976291818e-03 9.527190462165472384e-01
5.931423108066236516e+00 2.208320103911752152e+00 4.022574487230435800e-03 1.069177597475689634e+00
5.764683543810138033e+00 2.283599452256478646e+00 8.606203333564802285e-03 1.190296242294374807e+00
8.956311277670792492e+00 2.348359714737871862e+00 3.222625884749640533e-03 1.307618559943108716e+00
7.940297943179094986e+00 2.384769142922125607e+00 5.142490813372467898e-03 1.388848256728704156e+00
9.331734466388825311e+00 2.400953777181900506e+00 2.380022315220324102e-03 1.466084219597908467e+00
2.347847421920943489e+01 2.395297865748590382e+00 1.252846706069231895e-03 1.597277435744206331e+00
1.871238689562860102e+01 2.367463759937723289e+00 5.324770522941368531e-03 1.630523876305344455e+00
1.754355357574032581e+01 2.293713496161351895e+00 4.759755856756741135e-03 1.617503611393174001e+00
1.899094943327009943e+01 2.240094317421667203e+00 4.643918314922034982e-03 1.623897306065530177e+00
1.448534345814804603e+01 2.211240436569517076e+00 1.696575590846219469e-03 1.590903852182787404e+00
9.063159353117779204e+00 2.245490213613641206e+00 2.517886933073043738e-03 1.553750692732931649e+00
2.710864246330215721e+01 2.367114894433602679e+00 7.608838041709895233e-04 1.611068340101120766e+00
1.409860868489322883e+01 2.485679392347136307e+00 3.652567518824562098e-03 1.723261513496700204e+00
1.757729048850611875e+01 2.472841628199457187e+00 7.405368412803407623e-03 1.815503153195254571e+00
2.152192597036746946e+01 2.546514841947649543e+00 1.921457959566133262e-03 1.930767613618390444e+00
3.406980281899688379e+01 2.654457648765180089e+00 7.985838426892311742e-03 2.029552136315373900e+00
2.142910190364509049e+01 2.704994637163375071e+00 3.013811571965933304e-03 2.024481765557443413e+00
1.859549318136109619e+01 2.775668169308044941e+00 5.879658619878770122e-03 2.038400189412627572e+00
1.485842890248400039e+01 2.811220098852045268e+00 2.749890991385066548e-03 2.001675863232373676e+00
1.250323730062413574e+01 2.783703091761061454e+00 1.189999932710216618e-02 1.966802276530734472e+00
2.398157161007540950e+01 2.816397715812445135e+00 1.348679251714128037e-02 2.042683262892288631e+00
1.527998765357090605e+01 2.864796708904392641e+00 3.951889324655452791e-03 2.037553312789356585e+00
1.635895591886674794e+01 3.062746641180803753e+00 7.248180649791912018e-03 2.191795461384287158e+00
1.664410421314236643e+01 3.195659115381453308e+00 4.971419524769407974e-03 2.260022611942828608e+00
1.423040752140945919e+01 3.298223309374637147e+00 1.376908781334852672e-02 2.341105467409765772e+00
1.512460130111694312e+01 3.349689555540018127e+00 8.678868972618013211e-03 2.428444884167946238e+00
1.482171087157337119e+01 3.405913401635650484e+00 7.562950350554436749e-03 2.513949790682681762e+00
1.491724440329285173e+01 3.401851138817676201e+00 1.173232605522409565e-02 2.566306528882092763e+00
1.614227131872933185e+01 3.344951817697442653e+00 9.820026148216264711e-03 2.588397856555227694e+00
1.620172696995145145e+01 3.314283903743058701e+00 9.222437830692108846e-03 2.556985462740484216e+00
1.453233325450010227e+01 3.246118487331600910e+00 9.307607928483325674e-03 2.516337956766483419e+00
1.488990767392622949e+01 3.189063739590445312e+00 9.050410128635291707e-03 2.502306117088006321e+00
1.368633428709956235e+01 3.130574793107154807e+00 2.229706302530894569e-03 2.439955795093933233e+00
1.352139366459152292e+01 3.066553356246815465e+00 2.308968050713668726e-03 2.398780171228767966e+00
1.346282844281752666e+01 2.997292050949413866e+00 1.371574158458031475e-02 2.359953498564357321e+00
1.354426254739025381e+01 2.938382366629492370e+00 2.718296386822897752e-03 2.310836329335813843e+00
1.939426518183467252e+01 2.919723083046340317e+00 5.057595012873914407e-03 2.236238906998125664e+00
1.193055844777341790e+01 2.894784005831051665e+00 3.188252764168113262e-03 2.162289586879523107e+00
1.275646710660486427e+01 2.797195783377404599e+00 1.131458823504524064e-02 2.041775293658935286e+00
1.297884396451745381e+01 2.683509121430943001e+00 5.389675867905628463e-03 1.880503185561427815e+00
1.040017045351015845e+01 2.567055322197825618e+00 5.072472026685789608e-03 1.706737231312929870e+00
8.621458560590630427e+00 2.460982371548632752e+00 3.387134501036008667e-03 1.576194029913906780e+00
8.242627928970101436e+00 2.405404385700161907e+00 5.544281359899530179e-03 1.548233258552343949e+00
8.683771124958365561e+00 2.406122355697319470e+00 4.891370161502692215e-03 1.566732356798633097e+00
8.564681695956471330e+00 2.434311463364192463e+00 9.184253834546929687e-03 1.570582004826198919e+00
1.119179030064274727e+01 2.426772762669881178e+00 1.430986605379326246e-02 1.565005587230345441e+00
1.111746002626259688e+01 2.432653494580530484e+00 5.751505421634815242e-03 1.574617751110273023e+00
8.878765700628674651e+00 2.461193266286267001e+00 3.410896914531485764e-03 1.584370791804940337e+00
8.725867284665254076e+00 2.481184401927732264e+00 6.719686001019715450e-03 1.612224669333983673e+00
1.029210712270060668e+01 2.512450873077395563e+00 3.893330352714253605e-03 1.682948222887735712e+00
1.618581488183231443e+01 2.539022069169561302e+00 1.604622969109290032e-02 1.726273736125536251e+00
9.055599757216485912e+00 2.577964038995915086e+00 5.259974304161923672e-03 1.742384955709369132e+00
9.136810021841647256e+00 2.597783311326419931e+00 1.156184821069297305e-02 1.748328287227509437e+00
9.490192208755811265e+00 2.616792808207051291e+00 8.382741366741037689e-03 1.779559543846975123e+00
9.552674943500001348e+00 2.651100342520683384e+00 1.356230114201936385e-02 1.807670133368914467e+00
1.011596228741303527e+01 2.691292322923885205e+00 1.184755796783408359e-02 1.855823910996450943e+00
1.241040663247123277e+01 2.708295325978129497e+00 1.231538101071247976e-02 1.903454740361921527e+00
1.216582378365919581e+01 2.755581410414650545e+00 1.493936971181034599e-02 1.935563060637842225e+00
1.070751979356133887e+01 2.799532002187103519e+00 4.920262908106939372e-03 1.940345302585156251e+00
1.137762742098220414e+01 2.857794682443798528e+00 1.126885496433357135e-02 1.923841104871956365e+00
1.018827996461516427e+01 2.939866076311348220e+00 1.439931574949728649e-02 1.932936602556673211e+00
9.501163914364964214e+00 2.994155507098563707e+00 7.234773229305590039e-03 1.924279426427211837e+00
1.284947967029672888e+01 3.060279152456378160e+00 1.089979809277497047e-03 1.938373512460309867e+00
1.464158130551802017e+01 3.119007985080167078e+00 6.404701704641785516e-03 1.915859237626263534e+00
9.846459023163470548e+00 3.137999268758596472e+00 7.459592830878294251e-03 1.913429673342978088e+00
1.033264257436453271e+01 3.169123071513228140e+00 7.943767864664023556e-03 1.915413774885018405e+00
1.131898507916157115e+01 3.206154261785794990e+00 3.952594244962044819e-03 1.929984115203526418e+00
1.342460321935938872e+01 3.200525642051555320e+00 1.862555692490692723e-03 1.924870267094202170e+00
1.113644736550667425e+01 3.173392776117238689e+00 8.126519850656672289e-03 1.907521434327458687e+00
1.204080418549840559e+01 3.131751788347585830e+00 1.043388630141061160e-02 1.902596615796183999e+00
1.600826704109289977e+01 3.090665517168077692e+00 2.152342226685077103e-02 1.917444054988260982e+00
1.335490012031647389e+01 3.034674866827367534e+00 1.358915918280562650e-02 1.911227336037253810e+00
1.096947029611504121e+01 3.009504161478472994e+00 2.847295902410482138e-02 1.912538495135764016e+00
1.591633822806706711e+01 3.031970200894157585e+00 2.728953442158070161e-02 1.912275889068192569e+00
1.486407883994750279e+01 3.087295363029396889e+00 1.151097674127247138e-02 1.910093935327030090e+00
2.317679415503254603e+01 3.130418698562674962e+00 1.784052546804654193e-02 1.921291661849603649e+00
1.611851950095021735e+01 3.140793044747888452e+00 1.029159423368589989e-02 1.876092305899672130e+00
1.016295286631956074e+01 3.168498345772341018e+00 1.529534627451198565e-02 1.840056319192342027e+00
1.895042304838527514e+01 3.140081047514240442e+00 8.907328649516699920e-03 1.831613266402725815e+00
1.306305219401731854e+01 3.142525327326424645e+00 1.407412723646656039e-02 1.843172730748127153e+00
1.207255401950239992e+01 3.141715327851021033e+00 1.134039691072328410e-02 1.843652632087757093e+00
1.043324135761968563e+01 3.103972849451599014e+00 1.640634066156071783e-02 1.806959016988274103e+00
1.076010653043679177e+01 3.069601115147965409e+00 1.999812984367098714e-02 1.772287764195733750e+00
1.023173469581474393e+01 3.027344226479677491e+00 1.441804329471734793e-02 1.736498898540424607e+00
1.034603714928753426e+01 3.009246502181191385e+00 1.202747086535001578e-02 1.728296909598162179e+00
9.445005728748499862e+00 2.982313902221473079e+00 5.992031526274852783e-03 1.688657053724663903e+00
9.299595629071863101e+00 2.954921034723523299e+00 9.030165925336283012e-03 1.670058961044960544e+00
9.811517881156785137e+00 2.907684783399409945e+00 9.836308786137283947e-03 1.644484271099520889e+00
8.587158443597356694e+00 2.854573956728669870e+00 9.193642678866667875e-03 1.607597170678711551e+00
9.499389680586965312e+00 2.784216567495100492e+00 1.704038956934919580e-02 1.597171710065681483e+00
1.005466269592590578e+01 2.700932365927469103e+00 1.426718854037764377e-02 1.554260137892531368e+00
8.282211204932202975e+00 2.620634496513378320e+00 1.633863642264424959e-02 1.511897121310078695e+00
8.603519758038739695e+00 2.555512470584235807e+00 6.854750059957333101e-03 1.487971673156372354e+00
8.898570330820289698e+00 2.477293305572618287e+00 4.404890817855021401e-03 1.458690341852421302e+00
9.176303921102359595e+00 2.419293697552447053e+00 1.200036418145293549e-02 1.413015493502337794e+00
8.833216211394987027e+00 2.354983137440347818e+00 5.978288367261168530e-03 1.351245724908929580e+00
8.381113492031074585e+00 2.285380773153282252e+00 6.098597507555343980e-03 1.272395606628339726e+00
6.886953904006078098e+00 2.236419818172872720e+00 7.091439986729163383e-03 1.228994684008698490e+00
1.057409751778949669e+01 2.185852594736157783e+00 5.147947682056513638e-03 1.187905085467567678e+00
6.796944691802438321e+00 2.145714867900549105e+00 2.403107865296837901e-03 1.162827968190653927e+00
7.127261371114229860e+00 2.116296844235948882e+00 7.613056815327638727e-03 1.169475639382120180e+00
6.690907099666534741e+00 2.067125373191558424e+00 3.816407965032031675e-03 1.169623047095787349e+00
6.595325780919472081e+00 2.072699113930174697e+00 4.621111828724783904e-03 1.191649790195288494e+00
1.296623619245836068e+01 2.067939682141096025e+00 7.005975533344806260e-04 1.202881391824318635e+00
6.585316485708410106e+00 2.078661824113694934e+00 2.565988596123028927e-03 1.199245820875753932e+00
6.771060552222796680e+00 2.106310941365031830e+00 2.314249693709463998e-03 1.208085028490146540e+00
6.559927391153182796e+00 2.141187070167864359e+00 1.070682355467843759e-02 1.245631799430004794e+00
7.643583658419167648e+00 2.209822370127842550e+00 4.759441912437759568e-03 1.313642575927290723e+00
7.110009188071930275e+00 2.232223846614077800e+00 6.892216329215283127e-03 1.338197101517480503e+00
7.922180854425557861e+00 2.282148816751793152e+00 4.271067934261997545e-03 1.375023465718096638e+00
8.346759114353270448e+00 2.312595799426019116e+00 4.052038769596219211e-03 1.394620309095503607e+00
8.242643841364738932e+00 2.370857165010174850e+00 6.303907082167465627e-03 1.429858416202911986e+00
8.040794825680981361e+00 2.427732855349016283e+00 4.536953480275074738e-03 1.452715990882907260e+00
9.076312567923652708e+00 2.480199649816253071e+00 7.502262472337525856e-03 1.464890747015612060e+00
8.201066137104193743e+00 2.548180492241498563e+00 1.009683635727144646e-02 1.478019324443688332e+00
8.034782686098356663e+00 2.616647970996456962e+00 5.455523899251128739e-03 1.488229003067826461e+00
9.490071481968199052e+00 2.662693071984698623e+00 9.213906658955477863e-03 1.502979298719012924e+00
8.613975244500680972e+00 2.676441975007822105e+00 2.528133393577787665e-03 1.529633789086077833e+00
2.064221603358422641e+01 2.703725797148594179e+00 1.445814742862816873e-02 1.593468965228708623e+00
1.812686838640190601e+01 2.750253271253327192e+00 6.868021605962864283e-03 1.662871938878571321e+00
1.557815696378935044e+01 2.782113343842447684e+00 9.698314983418436508e-03 1.692369621474725472e+00
8.868763777320980424e+00 2.836865321229334214e+00 8.147975946016088392e-03 1.723742419246287350e+00
1.814677069418102917e+01 2.877017016897375878e+00 1.067940954709086822e-02 1.735781328822391556e+00
8.854664778715529039e+00 2.886733682491634756e+00 8.955891328468898460e-03 1.736562607802968783e+00
3.926174600136140214e+01 2.925479556966118722e+00 8.525615436326273999e-03 1.840303333979039557e+00
9.326756357522267393e+00 2.930671113533827921e+00 8.657614040333459771e-03 1.736045554140441594e+00
9.775376846409882248e+00 2.930682927531391702e+00 1.490713923872108437e-02 1.737169766679170335e+00
1.022439085520443847e+01 2.900049951427562611e+00 3.152205496555175387e-03 1.713830764408018625e+00
1.080783444741393851e+01 2.895765200938768213e+00 1.996155115710785896e-02 1.715007852108709097e+00
1.040210206383683733e+01 2.870928709280819557e+00 1.252172036840550756e-02 1.735537014340787998e+00
1.753069288859042985e+01 2.876110159048830273e+00 1.069842290563950693e-02 1.808557166762507995e+00
2.697570065006943096e+01 2.860425639570571388e+00 1.267441007964789992e-02 1.804110179999287800e+00
1.065424651619010099e+01 2.845756058607314287e+00 8.731680823686825688e-03 1.765670447420572442e+00
1.078793220816626786e+01 2.817218788552177777e+00 1.668910339417735075e-02 1.757722240079292009e+00
1.139464259829361303e+01 2.800215015991786238e+00 1.844621239502397883e-02 1.757206546718634410e+00
2.217665176819259898e+01 2.813180288923901706e+00 9.205495423747768816e-03 1.785292890643862762e+00
1.041212701332714907e+01 2.851057100119795518e+00 1.470122415237158642e-02 1.746962873569982255e+00
1.091909567080982058e+01 2.861776494922219971e+00 1.485802266975573376e-02 1.719527794304582358e+00
9.926465675925639331e+00 2.872616295941327280e+00 1.492276710867076160e-02 1.671547043450573700e+00
9.587111816546926235e+00 2.897868650644737087e+00 7.647152037168987448e-03 1.644707001769614152e+00
9.321352906131076921e+00 2.897777519481821606e+00 1.121714987616748323e-02 1.619287108282956522e+00
8.222731644672625961e+00 2.874937438686109292e+00 2.331255874160213099e-02 1.608539502313917291e+00
9.213655316075971768e+00 2.853126808435715311e+00 2.375070866842473802e-02 1.612949159999825577e+00
9.528879900751448417e+00 2.831354548354805267e+00 2.012617316757205760e-02 1.613947782484046689e+00
1.068848962823143900e+01 2.818439399917580523e+00 1.208716769462862307e-02 1.614992942812667032e+00
9.978869551542954852e+00 2.769718641855686059e+00 2.296644430181070395e-02 1.605643066279296427e+00
9.568649072843168568e+00 2.729213618895844906e+00 3.315088777997937663e-03 1.612691833523488105e+00
9.222293459329527821e+00 2.662335871228270534e+00 5.765415626756466468e-03 1.582507590347429938e+00
8.320720666177011893e+00 2.604241719012836853e+00 1.284416177254794553e-02 1.557672406679872168e+00
9.315982705339413528e+00 2.562276404290235288e+00 1.308902322212428075e-02 1.579441894389183698e+00
8.757673893759303496e+00 2.516313331026289735e+00 5.871481922892637755e-03 1.559373260534991035e+00
8.967484631227382152e+00 2.460817373770652239e+00 5.991708990874676684e-03 1.503698078949432082e+00
8.718646011471191670e+00 2.424590651298801358e+00 4.275429338377650414e-03 1.463960672242966554e+00
8.070407159971153987e+00 2.371641245271226328e+00 1.744184781354994563e-03 1.405344610769073244e+00
7.704295514099560371e+00 2.338521533765954175e+00 2.159607666099555307e-03 1.357942385523664752e+00
8.426414340783045631e+00 2.302035813142626619e+00 5.038924889369559082e-03 1.324160785388997397e+00
6.992401523098086713e+00 2.239281842516935850e+00 3.285082515443453911e-03 1.272231382620507389e+00
7.949708042706419953e+00 2.204838524850212256e+00 2.003343652461687854e-03 1.262295060861637008e+00
7.697073465424804084e+00 2.183442326081758811e+00 2.285987260632039997e-03 1.253341104186745936e+00
7.008809428024975752e+00 2.164989249301778607e+00 3.758152472076522685e-03 1.228171719245735982e+00
6.816557797303707922e+00 2.129113023267560134e+00 6.201212413724313706e-03 1.200965294890937729e+00
6.443112081710357764e+00 2.095843170464863903e+00 7.127572912024635922e-03 1.190940690803588664e+00
6.740771687022317771e+00 2.057706243447985361e+00 3.605416123324734715e-03 1.170017646640882036e+00
6.446319657692645144e+00 2.038312102124069991e+00 5.793412334900209515e-03 1.154219669728083320e+00
7.799502242129565666e+00 2.034181268684712052e+00 5.119525118053969148e-03 1.154394808472731127e+00
1.287780878799949669e+01 2.071104185139465592e+00 6.093168339037252634e-03 1.160493111668033483e+00
3.806833678746394867e+01 2.090663712149850362e+00 4.597175267092142026e-03 1.261208167912095446e+00
6.165770905955310077e+00 2.083142073984678433e+00 3.250113843149214296e-03 1.143991622388071949e+00
6.471604287264332456e+00 2.111295676308526215e+00 1.187488391199968164e-02 1.156299990119225241e+00
6.266286428559038058e+00 2.140807714263849082e+00 1.124690285797893055e-02 1.173506132984582617e+00
6.640762761080709176e+00 2.181854763150886889e+00 1.173231198269805708e-02 1.207527811906903281e+00
6.497826443949923814e+00 2.207748973870434117e+00 1.841675559531803785e-02 1.223700270591505213e+00
6.440565902608244464e+00 2.273990440098320853e+00 4.041081850447460037e-03 1.245648035315486846e+00
6.942234759569925195e+00 2.354204984669172163e+00 1.405871154972352689e-02 1.277169751153348409e+00
6.884056669347368818e+00 2.419132404298962591e+00 6.594176486991159408e-03 1.300077695578282455e+00
7.161897944429564511e+00 2.467994358423480694e+00 3.911618257743134514e-03 1.314279155212382033e+00
7.401050839947300730e+00 2.519988397823232695e+00 1.257324463096460600e-02 1.334438303898791034e+00
7.847151269054365663e+00 2.603243517967403164e+00 2.388732439837405741e-02 1.362876034786598911e+00
7.670261931864313709e+00 2.668936581505670702e+00 1.284542299838213261e-02 1.403323204092327137e+00
7.479625196719849711e+00 2.730780455307843191e+00 5.156290898911895446e-03 1.436386724086570643e+00
7.824287122318679621e+00 2.772248134632241179e+00 1.796637486084786545e-02 1.448277083104147600e+00
7.505522191600342730e+00 2.800930489149438873e+00 1.841087305244936898e-02 1.456975277874005714e+00
8.133737320001943161e+00 2.802357207827238739e+00 6.226875202033159938e-03 1.471278398623172334e+00
1.060115698778663607e+01 2.815196711157912812e+00 2.970777643090904280e-03 1.514481868905239947e+00
8.030928093571619186e+00 2.813515130606039971e+00 2.443516886461278431e-02 1.535722442921547692e+00
8.265589714398343446e+00 2.825545747668793073e+00 8.043589741095698992e-03 1.540304709215180923e+00
9.369964156210054185e+00 2.830200330976705203e+00 1.198724213407062651e-02 1.559929066985310975e+00
3.024177837252782197e+01 2.833320851951455666e+00 8.396848852843682987e-03 1.604933457098445260e+00
1.012749726854790566e+01 2.829773429878870150e+00 1.049907007392974004e-02 1.584951464233027130e+00
9.630742130007810431e+00 2.810213067930264597e+00 8.896191670170413429e-03 1.583757258791298028e+00
1.133062465299967947e+01 2.802247319285304794e+00 1.479107771074356266e-02 1.579347580178898536e+00
9.520559205339125697e+00 2.761794841063240025e+00 7.271642714121075678e-03 1.577887261338040581e+00
9.383620710350548677e+00 2.735164436416193556e+00 6.341495778538180049e-03 1.576084784667468819e+00
9.095998837260083292e+00 2.739266443558626918e+00 7.612110630821673600e-03 1.591931832835975502e+00
8.619730092822779355e+00 2.685257972777845392e+00 6.675127515909366760e-03 1.558838432709513944e+00
1.164949398780109746e+01 2.676892832904037345e+00 5.244749670736873967e-03 1.572651833374109076e+00
9.687661475580707560e+00 2.651835307041706447e+00 1.306902348888611468e-02 1.526854766926292184e+00
8.477649187913517181e+00 2.636831939951052917e+00 2.697001815028597302e-02 1.519177526820596480e+00
8.421702814297248096e+00 2.634461466343284819e+00 2.131726791854758260e-02 1.497905682975998465e+00
7.867087767768321527e+00 2.614806912266901318e+00 5.459848647410072385e-03 1.457991751035515371e+00
9.396141868885333537e+00 2.589165605043618701e+00 6.159355094796353965e-03 1.430309035810549245e+00
7.808713448533354473e+00 2.582408075744874854e+00 1.256871929741972503e-02 1.433083844543773688e+00
7.897205491665829413e+00 2.604480559685989238e+00 5.128258485318934468e-03 1.461714282411722410e+00
8.113487697555886058e+00 2.592412707665491034e+00 8.154394717162234685e-03 1.445253628630247311e+00
8.136609623309675854e+00 2.572700489879131691e+00 1.491277750552977462e-02 1.420050973354434198e+00
8.437066500348912257e+00 2.561287055497424969e+00 1.002104873741668963e-02 1.416141135394195061e+00
8.405387712896617458e+00 2.525296438779846664e+00 1.571645274903368805e-02 1.390068308821403198e+00
7.668936838644185627e+00 2.472544846282305642e+00 1.523862837642890947e-02 1.356359986287977160e+00
1.328588737612412984e+01 2.453932919037828952e+00 1.130565797895412110e-03 1.354423290354183962e+00
7.308441938423628770e+00 2.424643627476687602e+00 7.548215455042365379e-03 1.338316499518756419e+00
7.090199614186840193e+00 2.396765944957416572e+00 4.304288903803276875e-03 1.321775434962831230e+00
7.479308246557073048e+00 2.357921688969477181e+00 6.605469973326862781e-03 1.301940313277929029e+00
6.712893424226030525e+00 2.321138906832842519e+00 2.470341222741800295e-03 1.292812639451593526e+00
7.022070431129026069e+00 2.271956261871007854e+00 2.318106523715194808e-03 1.264293975347675403e+00
6.917402878661215837e+00 2.241740432985626086e+00 9.381700886260654904e-03 1.259725725330766322e+00
6.404007513263569429e+00 2.210165108566756409e+00 9.473296347745137347e-03 1.262528483208789964e+00
1.115458824422977457e+01 2.151580593194448721e+00 4.807730176564526531e-03 1.240177592961300812e+00
6.767506986879146424e+00 2.129657687418240908e+00 2.847985197946599576e-03 1.246410234092111713e+00
1.011740142347853499e+01 2.092766500343651970e+00 3.778631858999523165e-03 1.229714790428591442e+00
7.068506461036974109e+00 2.038009142698158804e+00 2.562747312263716822e-03 1.194805906890670455e+00
7.131982412630361701e+00 2.017627651734557048e+00 3.829888226954058020e-03 1.198754029752223893e+00
7.204419919175689913e+00 2.004503794802507510e+00 2.949157514199517594e-03 1.194625604009509567e+00
8.430802767492020067e+00 1.995278479570878671e+00 5.374457543483753680e-03 1.196117446652939176e+00
6.524742585203322065e+00 1.999115431541345522e+00 5.201902431677733925e-03 1.201605441976505650e+00
6.842193565813507128e+00 2.015469615201290310e+00 2.199919989066767990e-03 1.210625258157593365e+00
6.793446215330437354e+00 2.048196389983145238e+00 1.951178918558098101e-03 1.238640070779464697e+00
6.919586523543784118e+00 2.075141073473556030e+00 4.569180038284780128e-04 1.257253735476728140e+00
1.073761558084305889e+01 2.100192280650551968e+00 5.665017126084385610e-03 1.271531439085457071e+00
1.160100263444022772e+01 2.121212661676163513e+00 1.837378459957195523e-02 1.271337690993322056e+00
1.027267290071451278e+01 2.150554031177764003e+00 7.490648593711872125e-03 1.288942898686794569e+00
1.219313230231784750e+01 2.173747079596329179e+00 2.010169046071749038e-02 1.301187171804159881e+00
1.240936792204667150e+01 2.203439127400171227e+00 1.543180901740900945e-02 1.315534209999866588e+00
3.286546681300715989e+01 2.235339276130999586e+00 2.052365714910088599e-03 1.400693790781164294e+00
6.818714700391927508e+00 2.242036474140552738e+00 8.640512466824051135e-03 1.324779158820847513e+00
1.444009590100774965e+01 2.283050054263715545e+00 7.720698130883525169e-03 1.363205419021162212e+00
7.701271703404744429e+00 2.298169777137919478e+00 7.084327023514145998e-03 1.381028035338976334e+00
8.355702258370518720e+00 2.356144060620216862e+00 2.290651014406102064e-03 1.413921351050804853e+00
8.830054635989828427e+00 2.380728120479585819e+00 1.054334476931688587e-02 1.402038278227003998e+00
7.846053359593704535e+00 2.402939972201620034e+00 4.301120247431795829e-03 1.408185753953697938e+00
7.623346633618512058e+00 2.441088104343489107e+00 1.325133103137720626e-02 1.414385328387010698e+00
8.430674774014237371e+00 2.462578006119954033e+00 1.613746075989425099e-02 1.410390225108050011e+00
1.950188666709330576e+01 2.452190461303080937e+00 2.185887294386158319e-03 1.428470886617588809e+00
7.999467468009131110e+00 2.446552618705550852e+00 4.771288513297985978e-03 1.436508723339358751e+00
8.572867027700411313e+00 2.450104898486398231e+00 6.608970271971709512e-03 1.448313827705844048e+00
9.123326360132832491e+00 2.447821801093779559e+00 9.693754261610940115e-03 1.453903742772611363e+00
8.297230211977549175e+00 2.482977678693734980e+00 7.455201362602570207e-03 1.482218039760334394e+00
8.404991899055239912e+00 2.506540066498787134e+00 5.249151928849529920e-03 1.504108894625999948e+00
8.623320477341643198e+00 2.487684754667608189e+00 7.929503848201487418e-03 1.510132481042075536e+00
8.949376117993486091e+00 2.469767198671072972e+00 4.466640626886035290e-03 1.505428135147571123e+00
8.816564820425117688e+00 2.484900697144072357e+00 7.877279894940785593e-03 1.502190544587680199e+00
9.326261848929284781e+00 2.510075384909050467e+00 8.617374721723006573e-03 1.535190951879755294e+00
8.969157317394484963e+00 2.511892460529262294e+00 1.121846704352841458e-02 1.530027926814682804e+00
8.524944396927716994e+00 2.475300218186029966e+00 1.279025384522035000e-02 1.495743659563598449e+00
8.323575774474006650e+00 2.479625730201607148e+00 1.578297184716483115e-02 1.507175513211866269e+00
8.833777589199412361e+00 2.471956264253342361e+00 8.007277185703834399e-03 1.496015001297366309e+00
7.964192915073048162e+00 2.460696567003992641e+00 4.306792700044462761e-03 1.482019020665421127e+00
9.046007486961052280e+00 2.487171195171092641e+00 1.821154199737670372e-03 1.486874275805320167e+00
7.949910050245740933e+00 2.488261009109471900e+00 1.080842902162008207e-02 1.451749791451231619e+00
8.097601254213456556e+00 2.493874961717803096e+00 5.995233529939894036e-03 1.461417386789540362e+00
7.681781084194089892e+00 2.456179113623494725e+00 2.013021225995106217e-02 1.422827265781395178e+00
8.451239750361652980e+00 2.426865357480405994e+00 1.766827931531708695e-02 1.415830989075818946e+00
8.333058396730894657e+00 2.413878776629306167e+00 1.072719036994411457e-02 1.432883659320165481e+00
8.303097081948966007e+00 2.387937705958856238e+00 8.445326023707844243e-03 1.430195594858970409e+00
8.691641228587437595e+00 2.378433809716745451e+00 5.298994235589151933e-03 1.450919723669656047e+00
8.432613724181234005e+00 2.389646678429416582e+00 6.031446480955420658e-03 1.457450923811430155e+00
8.206565669740966129e+00 2.380730628478713751e+00 6.980460683006636455e-03 1.441439993309457268e+00
8.179771291291849877e+00 2.378603583821507605e+00 7.368877516349564907e-03 1.444330311475661155e+00
8.154604949415350745e+00 2.378411394657177436e+00 8.602592302526709464e-03 1.446288184808932176e+00
8.194752986740686751e+00 2.337925034539527935e+00 5.289323416055723148e-03 1.412407310390107806e+00
8.162195417194435976e+00 2.320779753435244785e+00 2.676431143386462808e-03 1.406104269898253323e+00
8.087637719991645824e+00 2.288702802458502994e+00 3.265866454986398465e-03 1.380405995837125976e+00
7.709999677477974878e+00 2.249050219924887628e+00 9.662762197500701644e-03 1.363046721340119616e+00
7.363933952843652264e+00 2.236292853720848850e+00 6.083141298217831748e-03 1.370771327536076667e+00
7.739465523977101746e+00 2.185139684264436166e+00 3.103539551191014916e-03 1.351322816914047653e+00
7.239188662275777730e+00 2.164653315087057273e+00 1.241048765799131160e-03 1.343450845181079156e+00
7.626922214151399260e+00 2.156886474853912272e+00 2.140440365006104732e-03 1.332243247349824466e+00
8.565731548686226660e+00 2.127660959769963167e+00 3.254768604207157294e-03 1.304245719391499803e+00
7.499046770022405717e+00 2.086623112350388887e+00 5.196068624764020767e-03 1.269211195103821632e+00
7.397990922175607942e+00 2.065798501391387987e+00 4.971421699379858887e-03 1.269544296228793945e+00
8.958081762808074444e+00 2.063891492368853164e+00 9.606614370258682520e-03 1.259355035100617970e+00
9.438872460962706157e+00 2.032199087725393927e+00 6.351992520778893848e-03 1.252951509382800976e+00
8.217986523615564920e+00 2.005487311748355594e+00 1.385637644698237657e-02 1.252461526918694945e+00
8.428030610617922136e+00 1.965329474853694691e+00 4.164199344521863667e-03 1.230322133129769124e+00
8.039624703079102375e+00 1.973660577991436460e+00 8.505113121483781277e-03 1.239612948694905681e+00
8.558249025575380031e+00 1.961240447703007650e+00 1.732401651089398101e-02 1.220194272540074731e+00
7.048583182272606606e+00 1.952502851134529926e+00 1.003940108500643059e-02 1.204914328418506431e+00
7.402101851696079926e+00 1.949875648984490617e+00 7.198895951929678606e-03 1.199909673325922466e+00
7.283141835406956588e+00 1.948957710052189540e+00 2.514068408951719222e-03 1.167751187234087329e+00
6.681010547306518887e+00 1.946706881531727218e+00 8.127558382575667331e-03 1.166520728215322711e+00
6.845291341395138396e+00 1.947064059482944476e+00 1.278594391389077309e-02 1.151898796336506825e+00
6.662446442261856561e+00 1.961454380486073568e+00 1.220532716535790291e-02 1.142378265906521140e+00
7.354849330468707258e+00 1.969331606282083813e+00 2.524320752065805935e-03 1.132459135268292671e+00
7.921789930758260212e+00 1.980266731385056156e+00 7.223927603667692869e-03 1.135100109954920722e+00
6.356247331942694423e+00 1.965263334370692450e+00 3.856749870112803017e-03 1.116195842963300988e+00
6.287414613882426728e+00 1.986800389567993763e+00 6.932667560007141350e-03 1.129523673099545933e+00
6.355914235230998521e+00 2.038850863893009180e+00 6.561876682543725005e-03 1.164195582610464630e+00
6.780544395479573438e+00 2.059382310503343749e+00 5.477871071009259712e-03 1.187701247263433846e+00
7.110175688766932289e+00 2.083025217506558224e+00 4.441671690515612038e-03 1.206585435857546962e+00
6.743195296567846775e+00 2.118335434833530151e+00 3.178601772699152575e-03 1.231187844324476366e+00
6.879907957828661935e+00 2.157877977342560261e+00 7.993142986864805108e-03 1.241225342494127304e+00
7.120108023316695345e+00 2.169608125135252141e+00 5.370386188536379647e-03 1.263640722150703777e+00
7.812388528103358709e+00 2.210517097090553218e+00 4.525834084148990140e-03 1.299185545117130136e+00
6.960564697315940741e+00 2.240728586793450550e+00 1.003282838892594411e-02 1.318495409402908880e+00
1.192097146210090308e+01 2.251604262446969429e+00 8.507063672649995204e-03 1.336885194497376306e+00
7.247018962480900051e+00 2.257655805171312924e+00 1.056145095318652451e-02 1.355616346631974167e+00
7.326995345556778894e+00 2.251557438947406453e+00 1.280297465824898305e-02 1.370353679983305817e+00
7.174731582123263784e+00 2.254222521385309097e+00 6.781182347688081632e-03 1.393578747224096137e+00
8.197511244796206853e+00 2.278937727605083285e+00 1.268050239049785949e-02 1.420049000034276920e+00
7.827928416047860161e+00 2.302332282758662529e+00 5.623144935641709134e-03 1.437004679037120480e+00
8.613145233850227456e+00 2.289930558907500746e+00 3.042739966338464143e-03 1.436641815471203731e+00
8.036685119612030803e+00 2.285182079948441913e+00 7.272983880417315666e-03 1.457904767805245694e+00
8.892171743618364488e+00 2.280721766954448615e+00 1.002263172097242298e-02 1.492736659828391321e+00
1.316467481589554112e+01 2.265385925114992816e+00 4.873911628329761353e-03 1.482809392348546584e+00
9.356296831218710253e+00 2.251440969168299056e+00 5.190094728504803488e-03 1.474101059702395577e+00
9.334657669373090272e+00 2.240617461667293586e+00 7.359404647480771201e-03 1.470091938510483809e+00
8.174584230282899711e+00 2.222947568781792338e+00 1.169178150276877458e-02 1.466506016844184801e+00
8.223772109067963854e+00 2.212569276394613205e+00 4.163563256484101652e-03 1.456104761551157090e+00
2.756706473163920634e+01 2.212274153738190030e+00 1.018070144343559413e-02 1.468040347190314510e+00
7.949500195896431087e+00 2.214737721768388123e+00 7.235473420513154758e-03 1.417194581867515790e+00
9.507298899497813593e+00 2.233709184965103844e+00 2.353618281319692224e-02 1.394537309753329346e+00
8.467944586345817370e+00 2.247489447824458697e+00 9.786922279762090213e-03 1.392175956865210562e+00
8.480224223274806405e+00 2.250287529777790674e+00 7.966134918415525637e-03 1.413623230523607388e+00
8.010711012674871512e+00 2.248885505870042323e+00 6.556590439374840491e-03 1.403931516970377213e+00
8.281546023784150279e+00 2.239062240067520193e+00 1.154880615007141016e-02 1.390880889169093138e+00
7.777664447970963124e+00 2.220208674471847665e+00 6.772822941516752973e-03 1.378144760115820988e+00
7.544405333866262886e+00 2.196472711325218263e+00 1.353451864272252163e-02 1.381490751288841468e+00
7.482630207996019855e+00 2.166086445406498306e+00 5.565290076270670849e-03 1.350738911884789895e+00
7.985193810528509850e+00 2.145896203465362362e+00 2.177929547680671103e-03 1.322587936998269154e+00
7.572408615232294693e+00 2.136048978841800672e+00 5.777173310591684346e-03 1.317331428213936118e+00
7.738567431772994887e+00 2.127222085569578702e+00 8.596910833311087810e-03 1.312741972126715506e+00
7.019270690477375396e+00 2.115406138929732727e+00 9.011994766655399489e-03 1.280411722884050141e+00
7.478762964951472192e+00 2.103754513516383984e+00 7.013045242410398915e-03 1.264213665860337565e+00
7.485818828977752304e+00 2.097541262426434017e+00 6.273179414195606887e-03 1.245573597897394080e+00
7.952503768487568792e+00 2.088287196147472713e+00 8.427059043960792237e-03 1.228321573886307805e+00
8.648769488908893521e+00 2.053242675193484690e+00 3.868516574778308511e-03 1.209687321857355169e+00
9.142600328798414111e+00 2.046078719753218422e+00 1.615148282641093317e-03 1.214967247462827249e+00
7.545612254998181001e+00 2.016694034469043828e+00 2.858238803349212164e-03 1.195471353944455473e+00
8.104901122822459669e+00 1.996321877339027662e+00 3.515837165609837865e-03 1.220934023839757687e+00
7.729144026501495901e+00 1.987279486796279526e+00 3.534550286022947966e-03 1.226968313947814915e+00
8.368156902905459660e+00 1.973235761921106279e+00 5.873853501466627831e-03 1.222054955237524165e+00
8.755204135543575461e+00 1.971131100976920125e+00 2.349999652887712828e-03 1.233626743067755660e+00
8.422298674684158826e+00 1.957043614123346931e+00 5.016033927257902876e-03 1.214430736103742525e+00
7.236722841100850623e+00 1.952912789026959750e+00 6.716837704826217163e-03 1.213109496848216562e+00
7.671887546098978383e+00 1.930939404916969027e+00 4.666642858530353939e-03 1.187300543879624914e+00
6.929194816633723164e+00 1.928274996560341847e+00 6.188741890937679742e-03 1.188837597762160359e+00
7.475277763112231355e+00 1.953886787502238764e+00 8.950120040238410471e-03 1.203935256460146430e+00
7.150663438910702219e+00 1.952524840767633219e+00 1.279877135197061283e-02 1.194550431537381607e+00
6.969105228051635237e+00 1.962099228242891957e+00 8.520557859721722416e-03 1.197047062107992055e+00
7.176842187891027791e+00 1.963583223197650440e+00 2.205579790081055661e-02 1.185307244741787169e+00
7.110513686733669125e+00 1.981513287662634459e+00 1.344871190941965798e-02 1.180616065253205837e+00
6.333935311712013849e+00 1.991695949269272736e+00 1.159750705361606640e-02 1.183527409366526673e+00
5.961075992753943176e+00 1.983996122436323839e+00 7.608923310871353908e-03 1.185999744030715730e+00
6.045437384939172709e+00 1.980738452811633632e+00 3.840231407876495973e-03 1.181120341618474345e+00
5.868008498542739204e+00 2.003506684022006823e+00 1.042175597150839586e-02 1.196856134985265552e+00
6.628135209318006815e+00 2.005520419182980962e+00 2.098062410453103294e-03 1.184948965830607381e+00
6.591073704438582759e+00 2.011367205229490640e+00 9.611581134034614254e-03 1.198073418986636218e+00
6.903137778696151194e+00 2.009207913081623609e+00 7.190305418553161014e-03 1.196792883902300098e+00
6.467958072693337890e+00 2.033248360884886363e+00 7.396644158373552082e-03 1.212599693644758281e+00
6.263010031495157115e+00 2.044955760354205232e+00 2.817129438201749873e-03 1.225046156447028967e+00
6.521292278465290693e+00 2.049860806226607490e+00 1.045487698559045484e-02 1.221122320895509983e+00
6.506260059319767031e+00 2.054706035647320128e+00 1.281513076904047289e-02 1.207613509286290521e+00
6.213886209983580322e+00 2.077030206713657012e+00 2.466354170567488981e-03 1.223041889090732637e+00
6.677748334339654868e+00 2.099666429639131415e+00 6.965242636814097943e-03 1.226505671558032251e+00
6.650188295896922952e+00 2.115546753486598153e+00 8.284662310251423439e-03 1.244424228143802491e+00
6.861897804837438386e+00 2.122124632703721758e+00 1.134454484391942200e-02 1.261360662464152016e+00
7.148428129335670178e+00 2.119806090063311554e+00 7.027969982413903929e-03 1.268959404406397651e+00
6.621218500331475632e+00 2.128262894532293004e+00 9.012581725536006685e-03 1.292754565389335752e+00
7.155332465280864973e+00 2.118390675769608045e+00 1.038932935864433742e-02 1.298042743983509384e+00
7.099521226740331592e+00 2.106013375271356125e+00 1.144532606898240532e-02 1.301106153951529842e+00
7.528949396873203526e+00 2.110986978617606535e+00 6.633823440541061593e-03 1.330283374051986600e+00
6.811006748377797848e+00 2.107413215458507683e+00 6.365878190429628825e-03 1.316620000214459019e+00
7.668427724763446918e+00 2.115124685264815785e+00 9.620502024577278974e-03 1.317883376773374637e+00
7.161865744547574408e+00 2.102058657694545474e+00 5.659019004185045915e-03 1.302591959594465720e+00
8.691412915319199683e+00 2.125562263697040155e+00 1.474874742135437455e-02 1.336905668484202225e+00
8.450336874489462247e+00 2.121765758330252716e+00 9.343716384327346164e-03 1.341050450005283778e+00
7.582834979044859480e+00 2.103779984177550855e+00 6.638980450236239839e-03 1.325170987528575095e+00
8.407835478615886871e+00 2.135823516670500855e+00 2.591573014567466384e-03 1.352841800217784884e+00
7.690605944131718275e+00 2.158361020436915023e+00 1.762556539423338481e-02 1.348447813639582327e+00
7.989131264646181840e+00 2.170329969314229501e+00 2.065438914430734255e-02 1.344622815372863656e+00
7.587735329019545283e+00 2.174267459954806192e+00 1.092850817746482579e-02 1.338965150572790641e+00
8.061050964555004583e+00 2.179390293933613609e+00 9.038319390503014861e-03 1.327891755992926637e+00
7.479179497903584384e+00 2.203567582630228561e+00 6.142324520633477523e-03 1.346020924720674250e+00
7.638178637091769474e+00 2.190518177328538929e+00 1.205102573370007459e-02 1.327022582122443062e+00
7.860153702462487679e+00 2.175605819398835017e+00 4.207784233724091300e-03 1.311198093864652359e+00
7.064279211483092347e+00 2.150558586859342647e+00 8.757942987248749228e-03 1.293978628144903276e+00
9.022786904184087575e+00 2.134927180307472305e+00 3.149310404543257617e-03 1.285174703035964150e+00
7.330672036771067823e+00 2.125171223249125774e+00 8.863324726383741900e-03 1.292495432456084892e+00
8.046015676362703317e+00 2.113941842419881034e+00 1.332055551107960527e-02 1.290473965676588453e+00
7.427029833900374634e+00 2.070645403127117756e+00 1.350091920975755866e-02 1.254330021744030521e+00
7.239238759898644737e+00 2.061073098433474637e+00 1.233736684441892953e-02 1.277334650341109157e+00
7.552038158825327585e+00 2.053952742803050846e+00 6.668768791478396976e-03 1.281837716211669420e+00
7.041091895734745698e+00 2.014889017804045501e+00 4.402053739468013253e-03 1.253865930657097838e+00
7.309572716472619192e+00 2.002326455054304954e+00 1.149854776434742739e-03 1.261944302383758210e+00
7.695580064252053099e+00 2.007539403887878215e+00 3.755557571825486780e-03 1.269496971364264315e+00
7.245288866401693006e+00 1.978863152029040284e+00 4.956170860604542684e-03 1.250663040007168991e+00
7.828659071946916015e+00 1.972728320146976078e+00 6.247039655103287827e-03 1.255790537659079664e+00
7.289584509184708239e+00 1.954542319288051777e+00 8.362773448856955505e-03 1.256518747233565492e+00
7.626732192263789400e+00 1.950024651414476340e+00 5.414611539973425078e-03 1.253027723978956898e+00
7.252604595018201650e+00 1.944695604941867995e+00 8.297859182914884071e-03 1.240283166163209660e+00
7.029594978637630831e+00 1.930816034792821378e+00 5.150389426122880046e-03 1.221492049565431337e+00
7.507833368788154438e+00 1.932384241681781800e+00 1.680628579971920082e-03 1.229519372684046763e+00
7.696783145499672685e+00 1.923840842336300927e+00 2.245902900327916528e-03 1.219881301370344229e+00
6.809147113404521612e+00 1.913616836991508974e+00 2.393054761482854131e-03 1.202303698757674510e+00
8.360829978660802908e+00 1.917878985690036453e+00 3.692507755216204498e-03 1.205766824197119558e+00
7.643043581109655094e+00 1.901089873760819948e+00 4.343086554326297012e-03 1.194862226269187477e+00
6.984353988851639272e+00 1.885788085128523806e+00 7.471993175556656142e-04 1.183256428017782413e+00
6.852283523360691575e+00 1.888036310972390552e+00 6.126364903683695178e-03 1.174787564988976518e+00
6.209143752826183693e+00 1.901789985264903171e+00 3.389509678343379049e-03 1.183468698353710380e+00
7.616725093988373274e+00 1.890705026728443983e+00 7.434031478193169756e-03 1.165940662096234037e+00
7.470209697280865591e+00 1.868814700711534771e+00 2.350841708081156424e-03 1.160889395456770501e+00
8.508502554159832698e+00 1.869093716534720340e+00 8.349157037648519131e-03 1.177324249289790847e+00
7.080176960873500569e+00 1.854208780020191849e+00 1.263046980865139592e-02 1.158557083368487728e+00
8.531974299029789321e+00 1.884746786078616676e+00 7.431853906116767106e-03 1.204185886537496142e+00
6.817910122043065790e+00 1.852994007779181107e+00 1.079203943011693319e-02 1.165170171443127956e+00
9.151070070087040875e+00 1.850897287873256580e+00 4.637226599644022305e-03 1.176367010148740233e+00
7.476378901539458610e+00 1.854285353091323696e+00 9.148402891403948842e-03 1.189617606214625312e+00
7.125480544772069713e+00 1.883237120674922549e+00 5.458802187128124206e-03 1.198528095153730488e+00
7.245982039985733536e+00 1.912482837946513081e+00 4.352106884418329921e-03 1.211370133654592562e+00
7.113441688494575921e+00 1.943726379417959782e+00 4.729291063937664241e-03 1.237769396439026615e+00
6.639680697094729744e+00 1.942900148671729665e+00 1.713034703621291437e-03 1.222961505995915132e+00
7.143682003540376080e+00 1.957427643219708635e+00 6.771904732002193700e-03 1.228751771563490580e+00
6.861167084095180613e+00 1.974304642984923586e+00 8.422626710185619411e-03 1.228445572034342570e+00
6.628554143997305914e+00 1.983032296565548913e+00 3.195359192491955581e-03 1.218525829209948119e+00
7.207593583263422587e+00 2.016604809364105577e+00 1.012058623319113740e-02 1.248308586199718961e+00
6.949388226499790377e+00 2.013997861793946687e+00 1.119727346625633453e-02 1.226596433641071959e+00
6.598648665870169516e+00 2.040980473228753755e+00 5.416661518955144181e-03 1.250817233397601091e+00
6.795949601318058697e+00 2.051259159836227752e+00 4.713534345244610804e-03 1.260988218249621706e+00
6.741246254708204155e+00 2.064481132313484846e+00 1.238095787127051726e-02 1.275588382903875662e+00
7.179091515359894871e+00 2.085290038511104171e+00 5.622755541838106615e-03 1.270590754831399272e+00
7.031433302904019023e+00 2.080494584432488026e+00 8.006362403353391860e-03 1.272316146567758599e+00
7.112323542454570102e+00 2.091116793453104528e+00 1.081508896215322389e-02 1.290359602056202482e+00
6.696759562833165091e+00 2.104278085990491487e+00 1.666806584388706713e-02 1.293146043580120086e+00
7.115396941002367193e+00 2.130620955110964054e+00 3.838669661188085901e-03 1.311693639482783169e+00
8.258192943818508880e+00 2.120886089186342360e+00 1.934024242680591451e-03 1.326339136594801849e+00
7.694945603349620633e+00 2.130620042742425557e+00 1.011320764747727051e-02 1.347558568567187143e+00
7.449703210436458001e+00 2.142535433383343069e+00 6.622505670668140700e-03 1.336024140921237668e+00
7.266768577188538636e+00 2.159587527286951136e+00 9.653580835288380277e-03 1.352027736407049430e+00
8.598047065883987372e+00 2.167626170232960892e+00 6.903780212585601886e-03 1.364593523605467817e+00
8.501100970095185616e+00 2.168935149025588593e+00 7.745936619314798370e-03 1.356997590843391777e+00
7.365058139394182746e+00 2.145767300580238679e+00 7.781254909346693033e-03 1.335249311193632105e+00
7.217331364298361862e+00 2.157873339952075309e+00 4.329738699453918906e-03 1.335457204563696543e+00
7.386418090939659287e+00 2.150153233563223854e+00 1.148745756183111762e-02 1.310882709945397906e+00
7.626140846979367005e+00 2.152100667832053560e+00 4.591417633971341117e-03 1.311556251019691643e+00
7.979650138540022475e+00 2.122481760026939668e+00 1.045957574511905200e-02 1.295045752216228419e+00
7.201375997997512712e+00 2.101493627192511315e+00 5.002869123491371708e-03 1.269014934380273685e+00
6.850871119797886877e+00 2.088865516048567628e+00 1.138894126460209162e-02 1.246242782196592680e+00
7.275201886951154329e+00 2.078242274990502736e+00 1.868399451642436312e-03 1.239489776380076069e+00
7.694139412550118351e+00 2.076670151120665331e+00 9.612970519028278885e-03 1.242511401007666105e+00
7.908333608167138706e+00 2.041075068194395215e+00 1.319030578549774090e-02 1.212546618494094064e+00
7.242065908267578678e+00 2.027616821603980490e+00 2.104825109146455167e-02 1.211238245097840949e+00
7.185814397953993016e+00 2.038646709744356134e+00 1.985543375080138159e-02 1.220176952661847558e+00
7.221522417923503134e+00 2.000495125912248984e+00 2.549804000271920640e-03 1.183667125691833411e+00
7.060790585106321515e+00 1.994132011893094081e+00 1.732661573263393276e-02 1.203349253896029092e+00
7.703692255768683772e+00 1.990969870886423854e+00 9.057517200924489892e-03 1.207224796742097039e+00
7.181252850548623279e+00 1.983438358397509260e+00 7.460475143029237158e-03 1.210073353765884541e+00
7.272664011945605189e+00 1.969688011364773228e+00 1.451654541304122498e-02 1.199506600582269877e+00
6.641841419437112926e+00 1.941815856387966166e+00 9.335332386014803460e-03 1.188716736883939973e+00
6.721935192633200273e+00 1.956221397246137084e+00 7.256651350716583626e-03 1.207279281265387638e+00
7.666762774025754013e+00 1.945579629977662650e+00 1.291105135521487639e-02 1.200637768048478105e+00
6.854891198565352006e+00 1.941154820360773803e+00 1.008011501872820188e-02 1.202132702927248609e+00
7.295717028121200265e+00 1.904715337357423932e+00 2.957888449913613407e-03 1.178031571842484970e+00
7.234609993094442970e+00 1.909004181755519447e+00 8.504712982762865220e-03 1.181811729261861288e+00
6.991691052311796994e+00 1.901238268934090092e+00 7.506915900403491639e-03 1.176375450888516916e+00
7.380707471485978388e+00 1.932243763473507236e+00 9.144297531655964928e-03 1.214014275564782031e+00
6.706655122254731261e+00 1.915834794647269801e+00 7.942540811449818466e-03 1.176729535427408990e+00
7.309895700697165211e+00 1.913565911545777043e+00 4.920553590641774458e-03 1.197327713159517248e+00
7.658553695262066086e+00 1.911343000600430608e+00 8.797082119109466553e-03 1.186487690279635521e+00
6.490142200362296165e+00 1.914942280940377772e+00 7.713287377029015741e-03 1.187969743108995280e+00
7.299060776356614433e+00 1.918306954724555258e+00 8.431750983445273143e-03 1.178480162937578513e+00
7.000647245227267668e+00 1.912376802783939178e+00 9.538433314603925184e-03 1.168315516707602031e+00
7.136959214839851739e+00 1.910300654487212979e+00 9.890950711550005464e-03 1.166623432370281321e+00
6.696681861054907259e+00 1.914164803365917766e+00 7.853860265130539753e-03 1.147882438185821474e+00
6.442322135927307514e+00 1.904757486256925647e+00 1.202363572638550336e-02 1.146273496376731371e+00
6.490042231756654623e+00 1.925984146859190727e+00 1.106177641273757908e-02 1.163107649995602788e+00
6.882378709987914789e+00 1.904652632701917980e+00 1.260829268130488935e-02 1.148849815736779467e+00
6.360473794509742262e+00 1.905621179413173882e+00 6.203204745109911628e-03 1.152316120446391423e+00
7.113457998486216738e+00 1.920088702117729751e+00 4.529386151468473877e-03 1.166305542646215887e+00
6.369035144401408388e+00 1.929414931189944005e+00 3.954758358306650901e-03 1.156274979959686977e+00
6.184588021761091348e+00 1.935019792111229320e+00 1.258098647103986049e-02 1.146848599682048997e+00
6.379019624528325494e+00 1.936046317404593209e+00 7.909781916302876734e-03 1.158788828381441371e+00
6.332530902197274436e+00 1.959078265754393477e+00 4.863417951391473502e-03 1.180746425114893805e+00
6.821637335355740461e+00 1.957770448511211292e+00 3.833522784287595603e-03 1.169464635912812023e+00
6.441453994421954654e+00 1.975713088352478941e+00 8.878264332066853476e-03 1.186174997478277371e+00
6.869396097491929254e+00 1.970129056955370217e+00 1.057239262554141371e-02 1.182132679304251255e+00
6.236171935538529887e+00 1.974774011180354671e+00 2.900615186673422864e-03 1.198956978301068732e+00
7.021883025937161626e+00 1.977548295116236865e+00 4.648151102521895159e-03 1.221058750283100514e+00
6.316629938402833488e+00 1.991592655672681289e+00 5.321668694721721007e-03 1.222044615635781373e+00
6.721295143800690042e+00 1.981593468773930944e+00 1.458337905872176231e-02 1.226072688066198735e+00
6.651281942212641241e+00 1.995554854604625339e+00 8.801306131168641980e-03 1.231269025454849286e+00
6.416599632801583297e+00 2.002353841712892990e+00 2.102160580644709016e-03 1.230929286122623978e+00
