0.000000000000000000e+00 0.000000000000000000e+00 0.000000000000000000e+00 0.000000000000000000e+00
3.922900482874149830e-01 3.527810629613057358e-01 3.006762683230014901e-02 5.407801433218382275e-02
9.964057425388539446e-01 6.372129673596038657e-01 7.309901169573138242e-03 1.471773180721948071e-01
4.213071982362839307e+00 8.890266091823469941e-01 9.269318971834254045e-03 2.961767239096302351e-01
4.107466523884244047e+00 1.110929329618684402e+00 1.923459254374623555e-03 4.399584928270757755e-01
6.750426796367213100e+00 1.269708390233818429e+00 9.346684512176114956e-03 5.897250133305571573e-01
1.222409345994689112e+01 1.408931354693724103e+00 2.395280514214691292e-03 7.179116038169497394e-01
4.016889580622836320e+01 1.562296751962690466e+00 1.055382314712677815e-02 9.096595133400984245e-01
2.001656998906976170e+01 1.668253273586339791e+00 2.893061828433104998e-02 7.805378513510972116e-01
8.005795838279748722e+00 1.764230811168560065e+00 9.439530252329299612e-03 8.208427166499415728e-01
6.029769813019931313e+00 1.790441147039688152e+00 1.257739190279168195e-02 9.030049554177963511e-01
1.192450062203098327e+01 1.786441918945991247e+00 6.520911688209119796e-03 9.747716773177110827e-01
1.095518555125630122e+01 1.796340675558752320e+00 5.370527105800174117e-03 1.013678183792223297e+00
1.153642048955645549e+01 1.777026429610248259e+00 6.117876450557420756e-03 1.033224328059860531e+00
2.199866797652121519e+01 1.757299879741205384e+00 1.150051047023268463e-02 1.109208253033428626e+00
1.118968084346577463e+01 1.691487759229819421e+00 1.685616735041558373e-02 1.074326104217654176e+00
8.228290898280313570e+00 1.605035674958288361e+00 7.563466471537249811e-03 1.069907777806494709e+00
8.433035364620717900e+00 1.552659337486238966e+00 1.960348947210737575e-03 1.093549450907562282e+00
4.228040904149305845e+01 1.524231178257340558e+00 7.120627011471313515e-03 1.426188622284777052e+00
4.619510734727234791e+01 1.426552767980671987e+00 7.804597690861304719e-03 1.333995081441511799e+00
2.312741048203880112e+01 1.317226383532113188e+00 8.350523662069538403e-03 1.232195697800542611e+00
2.839471306840151499e+01 1.255795617708264311e+00 3.364315170962579697e-03 1.282501818072381505e+00
8.536502038181451368e+00 1.192391594937569410e+00 1.718983552696366638e-03 1.139352522000719903e+00
6.555121375970584197e+00 1.169630989707083568e+00 6.255024600614536058e-03 1.122354656107665827e+00
6.497628951882361115e+00 1.223658234737237116e+00 6.422298940590903671e-03 1.113245418922853114e+00
6.478869048234493278e+00 1.324454142284986480e+00 8.422268418717690844e-03 1.143947582666314355e+00
6.322393638825249518e+00 1.449002422159414882e+00 2.387523264516103368e-03 1.200053879341326901e+00
6.567153144669636511e+00 1.569294324536589125e+00 2.380693387873327252e-02 1.250115581830146150e+00
6.589592075434918428e+00 1.686127383101805766e+00 8.033652070442983545e-03 1.292366184736316814e+00
8.805801603879528372e+00 1.802268544016394580e+00 2.167678304692568711e-02 1.330949094757131634e+00
6.944486197054473564e+00 1.897598393402517569e+00 2.166251689325519175e-02 1.347404265467999629e+00
6.813142413232818662e+00 1.970106205685968170e+00 1.781422259074835410e-02 1.331181861198060368e+00
6.928500785699273301e+00 2.012323695765266152e+00 4.366369656740048781e-03 1.291855093127284970e+00
7.386517296838367663e+00 2.016593878459787881e+00 1.047106716833342416e-02 1.258950019762530292e+00
7.250889895843888766e+00 1.960140777889381791e+00 9.492453316775730301e-03 1.209860041276212161e+00
8.831252588390430702e+00 1.863784031065587987e+00 1.666081657694132041e-03 1.150390795773661656e+00
7.092232127572438927e+00 1.753654461624033933e+00 9.144627609938154461e-03 1.090270055695997220e+00
1.068820058675399132e+01 1.653339551969435606e+00 3.401507582511793804e-03 1.055016905884478939e+00
6.787030993201411455e+00 1.507527105987373384e+00 6.577371960184930956e-03 1.017398821644421414e+00
7.433346307157288280e+00 1.382280061302256335e+00 9.217253270326852821e-03 9.606849181005533422e-01
8.470789060287224004e+00 1.262165735206403738e+00 5.783963965650782031e-03 9.348474613151065427e-01
8.607426189527636495e+00 1.182291757956502209e+00 3.501335627593984545e-03 8.948190854404227679e-01
1.312556954247828678e+01 1.153386496369858127e+00 3.273687206792651530e-03 9.585688434569311633e-01
1.232791582289736176e+01 1.187306529719347914e+00 1.729426810518523011e-03 9.761388609001482308e-01
1.324324705345989095e+01 1.273263913970299921e+00 7.706087031727933134e-03 1.025210093560277480e+00
1.481112306826165614e+01 1.374156813608805816e+00 5.985277570546211623e-03 1.013235956034306495e+00
1.411974149981505633e+01 1.490831769010169117e+00 1.085995237854577369e-02 1.026965408567159121e+00
1.038904882604854762e+01 1.598503375474939148e+00 7.785421445283323069e-03 1.007176865970433433e+00
5.327028357271306191e+01 1.693176065651041950e+00 5.551106084876340427e-03 1.455801602434457998e+00
1.025892172616948628e+01 1.705206283961187452e+00 3.524028071546016303e-03 1.067652909687747398e+00
9.175992038734555933e+00 1.729597900001536681e+00 8.356440992024970552e-03 1.092800084180441056e+00
3.832185198945699511e+01 1.776713446520745476e+00 1.417414641690595972e-02 1.302552645745695292e+00
2.008940683553651496e+01 1.752272105359826915e+00 1.191921848486118644e-02 1.157196348086092286e+00
1.632560833317630156e+01 1.726198203720130442e+00 1.148845838035359411e-02 1.122090634784547625e+00
8.811566763965119620e+00 1.696603580115488619e+00 7.735132509910563024e-03 1.070628344295829315e+00
7.367303138889612413e+00 1.673571345201924743e+00 1.457964257716590217e-02 1.047110035274551265e+00
7.793573941016778583e+00 1.645928594126781164e+00 1.278301534276690861e-02 1.016655605261857831e+00
2.808256393829938347e+01 1.604613057237137985e+00 6.603569104904139300e-03 1.084313088470764352e+00
2.563016304908491350e+01 1.533650775110038778e+00 1.552083570687654360e-02 1.035051869364234545e+00
8.842857355659338836e+00 1.430507821770019117e+00 1.284565447713456945e-02 9.438148099007553915e-01
3.465680971662954590e+01 1.333626568045597205e+00 8.353344006584547538e-03 1.091672694431091051e+00
2.677921881975536067e+01 1.228214586119735108e+00 8.118400814753512496e-03 1.048698313393110260e+00
7.926412565367701113e+00 1.127190987348010154e+00 9.040738230788112131e-03 8.306355844663446675e-01
1.900785527330727476e+01 1.082461381624797880e+00 9.998754663022288436e-03 8.801079362065388212e-01
8.921168118468530750e+00 1.093119582352282571e+00 1.281737964445185153e-02 8.428104420026852894e-01
1.007247636400616919e+01 1.143581723712302711e+00 1.086090297153477664e-02 8.554714744968316964e-01
2.371952882473707902e+01 1.241402495569902120e+00 9.697765646141900953e-03 9.812672655346654782e-01
7.739896600931624349e+00 1.307837329528160897e+00 6.146246280219613313e-03 9.156349621320524212e-01
6.453153739721803284e+00 1.379921130819190989e+00 1.031709498234533937e-02 9.451220982526581382e-01
6.216232637788198900e+00 1.424907382272772471e+00 1.425731066750634060e-02 9.406491971009105502e-01
5.267528395872850489e+00 1.452413141911688799e+00 1.513234533157583467e-02 9.162571350582929819e-01
4.928191246265265946e+00 1.475145171698591051e+00 6.746854964772831115e-03 8.946582445375540482e-01
5.307141277985172323e+00 1.482534229210462184e+00 1.065764472527801210e-02 8.711725129366340026e-01
5.984660610127723324e+00 1.486369042983602062e+00 1.406906865748541041e-02 8.715070843080262586e-01
7.058662015191658590e+00 1.482249880450898782e+00 9.672217785345809532e-03 8.762087780283092098e-01
1.177783757024810818e+01 1.475149925751972235e+00 2.192835198464032284e-02 8.854755130219713610e-01
6.227665654507510418e+00 1.445997422623565010e+00 8.286204601048056950e-03 8.357106470120565511e-01
7.742782237343206475e+00 1.398997327894530018e+00 5.971237871052547698e-03 8.025015082577430237e-01
5.844907663846166557e+00 1.337082341295873666e+00 3.433092797784698547e-03 7.554908739666862383e-01
1.355269124630364885e+01 1.276887914089655407e+00 8.501815727482932641e-03 7.426614071332676703e-01
1.486605488069029946e+01 1.223459178811656445e+00 1.723729085551823454e-03 7.930253719740671947e-01
1.456448129736449815e+01 1.138896645384778195e+00 5.688928836789760961e-03 7.890561448237890518e-01
3.814349157078167707e+01 1.080205824774852275e+00 1.239247749376028163e-02 1.146233813981202498e+00
2.008342014597328529e+01 9.859898712222965322e-01 1.941764343764807235e-02 8.053853230483305481e-01
1.870559239423885245e+01 9.604055350196788465e-01 4.921146954834031660e-03 8.003284197995057525e-01
1.935143186723582076e+01 9.705401800410504709e-01 7.575768739499165114e-03 1.029000579146731820e+00
1.055481546557492045e+01 9.328644476573801914e-01 7.252003031090969998e-03 7.295759968205999257e-01
2.860989900309600031e+01 9.831622339815468958e-01 8.044121672187510078e-03 9.239672121878018674e-01
1.010576356291512745e+01 1.053986933351843014e+00 2.710785246110945703e-03 7.437446694252403123e-01
2.583115797558315663e+01 1.136225998160105277e+00 2.768883906532621734e-03 8.295567028070363058e-01
3.262791244426707493e+01 1.189896071910369058e+00 6.488889009489645469e-03 8.565029246138102792e-01
1.271727683042366408e+01 1.221855046702865044e+00 5.912211830595517394e-03 7.815455958317928387e-01
1.115390150168565064e+01 1.258613170158378258e+00 4.904049647573680178e-03 7.532755592915741927e-01
1.024268107631363733e+01 1.289199179997134515e+00 8.969862124900517333e-03 7.838377659404689446e-01
6.261794121775059452e+00 1.321824368519961324e+00 1.476214086868101946e-02 7.633848741922900638e-01
3.440679122572004900e+01 1.396359123409617986e+00 6.714775960164659670e-03 1.125016898465610371e+00
1.383975171412576266e+01 1.390069349870894699e+00 5.935383912554806699e-03 8.822430846972346696e-01
2.151918615085931918e+01 1.407856976420606587e+00 5.665831632955501893e-03 9.049838128948651805e-01
1.637950018176649891e+01 1.400786698641756978e+00 4.324471095061583475e-03 8.255493401901131678e-01
1.713240506690941700e+01 1.375009212927827740e+00 7.084691390294045078e-03 8.019580687779300776e-01
8.455898163515682242e+00 1.334611147718585800e+00 3.312764400194050367e-03 7.354352270962216664e-01
1.133575086108310614e+01 1.305073436114584817e+00 1.561613037144918975e-02 7.872687292346807197e-01
2.234629159490219408e+01 1.262904188754053303e+00 9.603291340411821905e-03 8.989065578544745971e-01
9.669954828821932580e+00 1.192187620569440387e+00 1.526726041270400243e-02 7.831143883570917952e-01
8.250549370136786465e+00 1.109245360657101331e+00 5.564998661504096979e-03 7.319365077528834362e-01
2.903072387594478343e+01 1.040391483588273491e+00 4.280841719381579119e-03 8.586136874859383594e-01
1.073033749003972837e+01 9.476744422488512232e-01 3.699628347563639272e-03 6.568929355813736271e-01
5.437894671086329623e+00 8.791223181131244679e-01 4.901195184550933247e-03 5.893054354123677951e-01
5.011946870645789254e+00 8.312322944191599117e-01 1.039952010871089162e-02 5.415222943555764168e-01
6.642914602609094388e+00 8.543569856681521024e-01 9.167925101723253464e-03 5.461977028970008696e-01
6.223463102470763175e+00 9.116112355191897665e-01 1.060902372833970493e-02 5.628756634010492199e-01
6.803674663032960090e+00 9.663486428056078381e-01 5.180677393217896463e-03 5.728881750605896439e-01
5.310666563360669556e+00 1.034916136483902127e+00 8.694942855366902951e-03 5.745668459592517818e-01
6.755914274569619238e+00 1.097684008364497421e+00 7.555690999385690845e-03 5.967428544279325120e-01
5.059071961221016878e+00 1.146319163853607881e+00 5.536583977787015720e-03 6.177588243804970070e-01
5.745764673074881479e+00 1.188411869019483591e+00 6.635419563989859194e-03 6.552453317782958031e-01
1.096501291535306954e+01 1.228973380479677413e+00 4.033222169897334418e-03 7.075975567394607868e-01
9.854746506585245314e+00 1.244185689510613813e+00 9.208076384792509422e-03 7.140070179990414267e-01
6.611925936717991448e+00 1.246708237050740298e+00 6.887136146462980932e-03 7.031368862624278737e-01
3.724650254183761433e+01 1.267492123558974004e+00 2.518462039383348103e-03 9.691217860267169470e-01
5.575262451894354321e+00 1.225950009828334020e+00 4.687853913650406705e-03 6.432933755918752716e-01
1.351456892962448642e+01 1.201696997152667645e+00 5.992312973351839739e-03 6.607077508174343805e-01
9.578187960106356869e+00 1.160540614690291683e+00 2.647444689392421720e-03 6.305433192244187524e-01
9.545127898622935092e+00 1.116341886176174025e+00 1.548094331924633471e-03 6.447409441120706131e-01
1.156617860463805414e+01 1.060556338202706117e+00 4.881143043579838636e-03 6.531756078969127577e-01
1.138801918976546546e+01 9.883693272114612016e-01 4.992860252685334468e-03 6.538632921220877137e-01
8.600577266306343560e+00 9.030530343467529919e-01 3.438922288680072974e-03 6.174292353190092841e-01
7.141245733969840082e+00 8.229308462854593165e-01 3.759241260814467651e-03 5.976921457419650530e-01
8.010269698575674724e+00 7.529216237902275344e-01 2.027372469564721249e-03 5.709462017284038238e-01
1.389367159712866062e+01 7.141015953605506228e-01 1.417632486395219507e-03 6.260340733089823084e-01
6.975768577476253007e+00 6.862855856043862390e-01 2.276348368742413426e-03 5.237388486191965065e-01
6.568497842136691744e+00 7.343186002470036833e-01 1.546102588367902295e-03 5.650952381068208297e-01
5.999530902373836128e+00 7.927964787228997112e-01 2.229937052130143062e-03 5.775179632704717791e-01
1.418160208889004004e+01 8.628728205070341772e-01 6.834253282802060618e-03 6.413757226268312905e-01
2.345381433701079033e+01 9.459573485232648515e-01 8.168943154703655826e-03 7.611648525175053193e-01
8.936157497963291618e+00 1.013829855742836905e+00 1.530033297115295779e-03 6.719076478321763801e-01
1.021166149534435696e+01 1.090873322412548196e+00 5.183402678061238382e-03 7.187392594029340387e-01
1.447171760000687790e+01 1.125560149320811831e+00 2.581498038789892084e-03 7.007363094863381381e-01
7.654982870666610317e+00 1.142755561694376754e+00 7.560261998903618219e-03 6.530795178634584142e-01
8.365769431885548002e+00 1.162163282089122562e+00 4.806695061921799003e-03 6.468096958780311656e-01
2.063901620056771335e+01 1.200098890485788106e+00 7.249833395984325857e-03 7.412849252728247462e-01
1.006272296713936143e+01 1.210035532591544172e+00 6.765939835645517521e-03 6.882374434738235403e-01
1.230876006927076816e+01 1.206314770882463971e+00 6.633828094647751909e-03 7.268023896853011978e-01
8.353062452695118267e+00 1.155903011848017803e+00 1.149254520054107664e-02 6.626681470321430512e-01
4.447672252784123259e+01 1.159519427200904174e+00 7.076734577163920278e-03 9.650311853513707794e-01
1.062861763695897999e+01 1.111062779711767812e+00 1.017750656883184340e-03 7.008184491487097212e-01
1.570160105663466865e+01 1.056671565517771638e+00 1.560821597490618350e-02 6.259520001160630009e-01
1.077773453194065389e+01 1.005215582403219399e+00 5.467987036383221630e-03 6.312228974673406157e-01
1.171197028261071615e+01 9.433540897284209414e-01 4.159679409651208248e-03 6.324554354376203946e-01
7.188043084471328115e+00 9.010532203306512722e-01 1.002053326626543665e-02 6.019334016138817578e-01
8.515859264027367814e+00 8.760548277901639702e-01 6.831337190220180579e-03 6.005884740272565692e-01
3.515066723361270107e+01 8.619211847378573932e-01 9.967806120895721447e-03 7.974012797635110505e-01
6.136855008976160875e+00 8.510500431649243858e-01 4.140328291652316424e-03 5.836880028568033341e-01
9.984526908888033958e+00 8.734430044652199410e-01 4.313100757493255888e-03 6.363596508383549955e-01
1.667509117638417848e+01 8.907723527109536743e-01 7.113651129426727497e-03 6.279376358748641751e-01
5.744230323410972616e+00 9.344135381212285152e-01 5.162045373771825645e-03 5.712132380157564082e-01
6.459189276918045231e+00 9.746074995575220168e-01 7.823488067050944628e-03 5.456701967245620732e-01
8.613487920932762165e+00 1.011950025586118462e+00 1.004600170976890569e-02 5.615091433417327416e-01
6.624611577243983973e+00 1.043814231773353862e+00 4.523784191481512382e-03 5.738391766072048483e-01
5.573893646314048489e+00 1.053164502177216244e+00 5.101526865202001514e-03 5.671362250950395811e-01
8.864404673655570832e+00 1.073326306928134910e+00 8.785341294688414626e-03 6.328246380328212961e-01
5.188251711606606875e+01 1.100863097601161966e+00 2.964232510180338318e-03 1.077797752472370529e+00
8.096150106847368022e+00 1.078668976699548754e+00 4.805839432725059895e-03 6.621341533960902748e-01
7.701860625173076791e+00 1.055958481363809653e+00 7.968089969555452665e-03 6.468004424187231427e-01
8.717004295372289491e+00 1.039482290257885522e+00 4.104104788201292341e-03 6.471350509406361695e-01
8.453622878601638746e+00 1.021334553507313059e+00 5.245066351001759393e-03 6.818599401644792612e-01
1.421633974167876424e+01 9.791020202441402809e-01 6.642001386451971794e-03 6.833118966893048096e-01
9.175434946468305597e+00 9.497657150889061706e-01 3.424878544033346708e-03 6.620076550389730752e-01
5.572688437135454365e+01 9.316675305978617816e-01 2.913448990854417518e-03 1.193507369257405193e+00
1.593153681122631227e+01 8.670111351472851169e-01 2.834405240769205699e-03 7.025793485030438212e-01
1.074074383890272877e+01 8.140575268568454037e-01 3.912103831901819241e-03 6.422233062950879479e-01
1.413838674675279705e+01 7.991740778754908847e-01 3.681041898897324978e-03 6.908338818274080140e-01
4.463594843287587111e+01 7.654221162728227501e-01 1.788124159606340824e-03 9.653081975669960402e-01
1.117568493584929357e+01 7.063119116220895055e-01 4.478962067901435737e-03 6.880233096250814029e-01
1.066890615781215601e+01 6.752997583275449633e-01 4.014343042761467188e-03 6.728306186607858619e-01
1.359418645521286173e+01 6.756671369082304368e-01 3.088067669565936445e-03 6.791041886452813259e-01
8.548979052312981608e+00 6.885683384158537423e-01 6.476376959996022614e-03 6.103170413703125075e-01
6.672791798825604914e+00 7.148361430049933185e-01 8.229677146557956222e-03 5.866357075044208447e-01
1.546266706953673875e+01 7.501908910390349128e-01 1.282564473469146194e-03 5.961242849823217282e-01
1.057863728425185101e+01 7.969184351239552155e-01 1.611582010147585755e-03 5.801577218398409341e-01
3.544834813619225145e+01 8.375744867636398805e-01 3.890540211893517546e-03 7.154090371601666831e-01
2.437717365553244875e+01 8.786854651059415877e-01 5.220119629221245047e-03 7.645234184052169812e-01
4.716186568248703281e+01 9.332289644350658664e-01 6.840150225952002470e-03 1.109685676436861002e+00
1.118096333630708905e+01 9.588660726361076803e-01 4.332778650076204476e-03 6.879635170217626161e-01
1.005060820579725345e+01 9.876789014021393198e-01 4.922156059068544774e-03 7.161678906573498704e-01
1.116587487170503223e+01 9.798361071652577081e-01 4.067750420534552679e-03 6.752134721969453857e-01
6.267923526953484092e+00 9.907761376647801210e-01 6.323535051819196423e-03 6.394607551677811141e-01
1.296646152752787629e+01 9.915603897578397774e-01 3.317221822995957813e-03 6.850144213690356754e-01
1.975776387503040965e+01 9.935513440439981414e-01 4.121368023675899168e-03 7.780532861230345931e-01
3.619356864098861593e+01 9.860315462634480221e-01 3.875536106931532811e-03 9.797958488516380626e-01
8.784369269748388831e+00 9.284406030819702949e-01 4.210356690618454953e-03 5.999414282306746449e-01
5.002718243657532149e+00 9.068621109925956159e-01 1.665276191336952398e-03 5.472456282128403959e-01
1.123043664063792590e+01 8.972308509460266146e-01 4.980085931527154439e-03 5.828556223838083916e-01
2.030695337028423708e+01 8.757949236814986937e-01 3.592584326898467292e-03 6.349689539726932619e-01
1.037208823158544746e+01 8.499791593474281814e-01 1.242245659357164161e-02 5.750079750495863395e-01
9.937038657002116082e+00 8.210469541368553559e-01 7.632604596806969594e-03 6.042917710740179915e-01
3.426978980883776416e+01 7.977948458625683248e-01 4.162470018256946014e-03 7.686512796527114055e-01
1.622561967647615333e+01 7.591637812574935085e-01 7.150427634530237379e-03 6.451065652292119479e-01
6.541451075880437394e+00 7.171727920453103700e-01 2.437609091866771004e-03 5.253658311224715938e-01
5.295201467863368094e+00 7.026135281176332237e-01 4.618788159495512691e-03 4.741195748513389874e-01
1.035735740333105248e+01 7.078557932686755372e-01 2.422036089622070423e-03 5.158332241509013816e-01
7.424852524445015867e+00 7.165451199343149113e-01 5.802185637816899624e-03 4.964315630908198718e-01
5.327330462879991124e+00 7.315110549209752344e-01 7.825119700005860740e-03 4.917235563023203970e-01
5.021579304958829759e+00 7.732709240570130316e-01 1.149180656310888095e-02 5.102525078828703542e-01
7.784771044249117367e+00 8.120315037787313450e-01 3.613661491390958522e-03 5.388768695146115562e-01
6.919949227389460944e+00 8.521067183737758288e-01 6.035954577314652306e-03 5.540201345269241129e-01
4.091330274135439282e+01 8.883923789285371742e-01 1.334886367107574346e-03 8.001391787574435588e-01
8.352739824137945135e+00 8.945139329397372441e-01 8.157347765038231238e-03 5.870287516873911038e-01
5.729977416339959717e+00 8.861189341387079033e-01 1.026864976791774971e-02 5.651111687033113506e-01
5.678237937241078725e+00 8.848048540651040073e-01 6.533888241523779991e-03 5.600417159764308206e-01
5.231032568444133446e+00 8.722723628129802620e-01 5.193276041020269788e-03 5.299051783482048306e-01
5.948860205415448910e+00 8.491979499580788460e-01 4.184654802733144170e-03 5.170256908658805717e-01
5.404939970815672012e+00 8.266987889770841536e-01 3.794580989736887153e-03 5.065563700127464486e-01
5.151658805626417426e+00 7.935556508590602132e-01 6.006551199709698162e-03 5.078368679602357494e-01
3.570724757847347064e+01 7.944041581302829780e-01 1.411911215191433101e-03 9.003945089026786919e-01
2.099222230842059744e+01 7.619429537543198627e-01 1.615913420916574887e-03 6.645953004892947158e-01
8.078422533249177917e+00 7.330761426040219852e-01 4.285065175605456619e-03 5.500988160930780912e-01
1.328334660280597390e+01 7.091841571834198721e-01 3.151515338071920417e-03 5.713168303005100590e-01
6.141999462606724691e+00 6.852028550235191862e-01 2.930217621292423042e-03 5.276370720169650808e-01
6.945336022204463333e+00 6.980530140906628933e-01 2.415523245116189648e-03 5.928713944984197459e-01
9.335212606453126227e+00 7.056721731060511260e-01 2.830885721667757669e-03 6.531780734286294354e-01
8.761610065419386473e+00 6.980458942542129286e-01 2.929833468472982805e-03 6.088950422662913198e-01
1.036463085732238554e+01 7.032420320402114067e-01 2.592508416281898587e-03 6.103558587823740833e-01
8.117108582635484737e+00 7.253941572326431109e-01 5.136232944531270161e-03 6.019735192967631265e-01
1.224511848180871354e+01 7.545326749273031375e-01 1.680941235045643137e-03 7.145949241912902261e-01
1.258156874632053146e+01 7.761859939846460499e-01 7.757786031800341028e-03 7.024831571383438611e-01
6.887758867538251728e+00 7.813678828073726823e-01 1.148532332818349554e-03 6.195110737921926125e-01
6.980886577728908193e+00 7.982642747205366263e-01 2.907734072664982031e-03 6.366582647173466558e-01
7.695579611891742111e+00 8.233783089067987504e-01 6.620343111503381069e-03 5.995968183518352035e-01
8.995438013582250036e+00 8.515006308443516803e-01 1.953752622094925926e-03 6.161429108706860669e-01
7.954369517357180008e+00 8.566881606392661164e-01 3.035013949203305399e-03 6.098141118374894587e-01
8.548405367529213095e+00 8.660833359950265153e-01 2.690951006080028862e-03 6.434748536528568374e-01
1.049450605080540733e+01 8.451347942175180261e-01 2.669096375098195268e-03 6.515543234251574001e-01
4.362164319629754061e+01 8.675333359549233236e-01 6.868763986910502058e-03 1.145189561223232122e+00
1.461419810920301821e+01 8.241897187775226730e-01 1.477405011071359535e-03 6.654549406636430797e-01
1.055855375789785633e+01 7.978966065906254457e-01 1.105742761447823380e-02 6.328113129836758777e-01
2.189917912008437995e+01 7.858798572034793040e-01 2.697789943613960757e-03 7.358100640633975509e-01
1.125103989984014419e+01 7.662285187215090998e-01 1.586435668598053846e-03 6.509989626573495780e-01
3.035934124356807828e+01 7.717106420174149051e-01 2.912740612574302515e-03 9.254476973798708705e-01
3.492449242355743166e+01 7.432289723792676606e-01 3.117708326536324306e-03 8.654032480955829998e-01
3.855020770486300563e+01 7.598045815415375159e-01 5.639014220884237469e-03 1.015039397250833586e+00
9.114985787916454640e+00 7.336084347977225306e-01 4.052169783896452521e-03 6.692114870459354714e-01
6.904073891535813523e+00 7.299649826760383764e-01 6.064027526094168709e-03 5.940851534976558934e-01
6.485301180461008563e+00 7.264939163179423565e-01 4.562091681475483572e-03 5.829208320368171048e-01
1.780132508806081049e+01 7.385846606311107232e-01 6.250871035921859963e-03 6.240356673670722776e-01
9.857049452554031532e+00 7.550714900734791790e-01 5.264934313803242699e-03 6.034382998113584362e-01
6.471070723479673603e+00 7.676270287568883743e-01 7.761328115485586869e-03 5.677705864442117445e-01
7.983006155574045692e+00 7.921711820827016526e-01 2.876024102554592017e-03 5.878510623497694709e-01
9.927876995096777790e+00 7.939395034127557649e-01 4.576109637383253895e-03 5.787555491649937212e-01
6.909328123195024318e+00 7.887728572013108508e-01 3.110108399476534634e-03 5.508570113765808296e-01
5.707448411995557080e+00 7.975383341527140235e-01 2.925746103030886242e-03 5.620669669324402928e-01
6.312693579819894651e+00 7.962752507531480894e-01 3.706988307467563599e-03 5.676660970247812132e-01
3.559106061520717645e+01 8.236899085469270299e-01 3.254881968457890105e-03 8.769816698465474625e-01
3.173019688223562085e+01 8.199521669320130046e-01 1.796971526346880215e-03 7.095966376011134669e-01
1.956782966866495244e+01 8.304046947609738938e-01 1.098077256055526212e-03 6.714604105315227223e-01
1.243439755981075123e+01 8.318340271499440330e-01 4.442779369993397030e-03 5.935855817349385832e-01
1.059128163125272515e+01 8.277220319347922128e-01 8.298381157121781371e-03 5.596843791053307537e-01
6.581977302848285305e+00 8.291126724166502093e-01 5.611635504537677496e-03 5.198051770357225987e-01
9.074973859884059024e+00 8.185359862818741838e-01 2.457970607499218758e-03 5.228035381286616490e-01
8.237525363181120497e+00 8.118882779348587375e-01 3.659263750298282544e-03 5.485729555695684212e-01
9.830384971970500985e+00 7.714828020271435882e-01 1.985510966472394962e-03 5.668583740393650094e-01
2.168764092548768474e+01 7.663779796799881083e-01 1.431657048500320755e-03 6.822565227537158439e-01
1.729575184269808474e+01 7.452704353312619157e-01 5.795727990604990915e-03 6.294293341171225409e-01
2.107023760956198899e+01 7.281732431591301236e-01 1.621532222999799364e-03 6.529043591765552046e-01
8.706133967555089725e+00 7.058497366640664739e-01 5.916664069701890391e-03 5.670923909116302175e-01
8.722697572820356626e+00 7.093504761343405463e-01 6.595017322679338871e-03 6.052485200008965727e-01
9.418015770750788107e+00 7.241031339182574245e-01 4.082703123028649794e-03 6.089775195878230907e-01
7.434211745304014407e+00 7.406516909457080411e-01 2.950621736935832729e-03 6.148469159727502076e-01
7.363436874701764445e+00 7.675387315265643773e-01 4.687930491467152440e-03 6.444190041032478167e-01
3.353030691555296272e+01 7.920047299691785891e-01 2.105384073179946552e-03 7.750719305437843154e-01
8.168265266835561533e+00 8.018737437170145865e-01 5.013839252142064142e-03 6.483273761730471429e-01
6.372882746529713316e+00 8.019078128039800468e-01 6.367844664574249906e-03 6.244967899401975275e-01
6.513988126566243153e+00 7.973071669236441172e-01 3.594850640647926764e-03 5.899510130876096659e-01
9.375249217934403134e+00 8.059506023678888464e-01 5.079669352146870889e-03 6.057988288976652314e-01
7.505556923429401728e+00 7.999213903738826570e-01 3.258435027285430489e-03 5.933978681349377782e-01
8.208005334939947772e+00 7.701205062854057370e-01 6.919081748406494432e-03 5.794075184024716219e-01
1.381225420971813911e+01 7.430273286741791994e-01 4.017751419520958732e-03 6.252832898337666867e-01
7.197145407110530968e+00 7.188865526174132992e-01 3.511846993518591290e-04 6.115006888165803733e-01
5.441260352131472189e+00 6.762169188656286245e-01 6.608720523307534678e-03 5.111122319949265025e-01
5.034077767408860815e+00 6.542917353416428661e-01 3.444547696065101451e-03 4.836104305779915236e-01
6.966863256831554274e+00 6.247125235518550257e-01 2.077053624677921949e-03 4.708945191697139765e-01
5.671149732722049031e+00 6.117577336576365266e-01 7.751423316201885329e-03 4.663865684169768433e-01
5.944661216716520258e+00 6.009219934125311635e-01 1.047724321438210822e-02 4.921867333799646582e-01
5.511756101886928327e+00 5.871084039864711279e-01 7.015262653289984149e-03 4.740113786517495265e-01
7.161138370657669228e+00 5.777766565771954577e-01 5.465769636261169281e-03 4.643130966608365884e-01
7.853836494288700010e+00 5.666025098523903569e-01 8.203797096839183026e-03 4.349995553885072641e-01
6.068412872183077234e+00 5.718517873192053846e-01 6.652755599249247226e-03 4.553109069049338653e-01
8.512800862444699135e+00 5.973224787874111819e-01 9.937738315821493737e-04 5.246365153668849368e-01
8.789065340716014418e+00 6.141513320093290318e-01 3.849352365651037122e-03 5.547338393038516724e-01
1.055790478411102917e+01 6.428666184352036517e-01 2.280603964037317393e-03 5.675822123735807523e-01
7.639032826746377403e+00 6.665019501265537771e-01 2.422890456462784697e-03 5.382765495320295246e-01
9.129385292260495888e+00 7.089745659700084079e-01 9.225767613890753505e-03 6.163377050799536683e-01
1.144965451113266752e+01 7.431462776831595507e-01 9.469200359286739782e-03 6.846705680181363052e-01
7.318342147385592078e+00 7.361840288770675755e-01 4.361148457925690877e-03 5.865501197424416446e-01
8.048579156058593753e+00 7.434463150687247168e-01 4.205165490849818548e-03 5.710116352279948071e-01
7.843385109994857274e+00 7.563900096561119168e-01 7.325172229256962826e-03 5.607303629601267936e-01
5.659636168708910731e+00 7.521989264259415497e-01 3.337480253334202014e-03 5.402387042192631217e-01
1.001747738327994242e+01 7.415581191043265630e-01 3.759045570503549271e-03 5.622819618975199996e-01
5.946700081416999240e+00 7.501645776750252015e-01 2.420949230976549016e-03 5.636583382504934958e-01
8.354685970197996525e+00 7.349828033618481804e-01 3.785786743464135493e-03 5.778059930207396500e-01
4.023812828975320599e+01 7.276526497829259865e-01 2.581539203939537015e-03 9.091423879875818459e-01
1.032753839954517794e+01 6.934817775620851776e-01 3.103385613295732513e-03 5.955968129532356325e-01
2.098455023282186005e+01 6.947736830212866144e-01 4.886931270848414617e-03 7.259496214903926603e-01
1.324060305131170523e+01 6.617341549396319467e-01 4.977085302234893378e-03 6.571263842396293242e-01
1.990670783463171389e+01 6.565738417420549089e-01 1.162635583255550165e-03 7.630069681477165133e-01
1.580219408414515492e+01 6.243742451601055343e-01 3.142466463979304205e-03 6.238385193451920774e-01
8.447623454860920589e+00 6.074155588864698085e-01 2.908860246177172922e-03 5.959012655034895412e-01
1.112769990032093581e+01 5.930099022714470092e-01 1.829981352466423508e-03 5.802291194275002173e-01
9.705392220173751028e+00 6.002912129227625515e-01 3.205133935566753176e-03 6.272770921818341394e-01
1.513518311122145121e+01 6.020145958186583490e-01 3.691695908179108785e-03 7.206523929833593689e-01
1.218320874103499385e+01 6.073786360561186370e-01 4.061718934511912051e-03 6.668154713090587160e-01
1.032488927606345008e+01 6.037455194755113608e-01 3.021066869868242744e-03 6.028170343337768688e-01
9.041118475279516176e+00 6.264114934786604305e-01 3.515247121210545063e-03 5.945498653321806826e-01
7.249202280302798229e+00 6.234974597193982948e-01 3.371063989048496846e-03 5.690950858020780156e-01
9.502416005994192005e+00 6.208606353811926271e-01 1.596888520302832803e-03 5.827739271593358472e-01
6.662245664597377548e+00 6.361174628677612741e-01 4.141543237100893740e-03 6.032584843575240496e-01
8.270545808230462370e+00 6.499036318029263182e-01 2.829839605699991691e-03 5.766518051347708784e-01
8.479310093336579257e+00 6.630482470575451703e-01 1.310928419335205064e-03 6.095235473066404897e-01
6.893394996772514993e+00 6.613631119358923671e-01 2.054926603027975966e-03 5.749492948460710462e-01
6.011588655744842136e+00 6.591572640848313291e-01 3.043872055065671191e-03 5.336332621768593576e-01
8.723150719600164749e+00 6.789703489261202929e-01 3.474843914247007556e-03 6.103580816795687314e-01
2.135595335588091714e+01 6.800920508203776027e-01 1.915613451878117428e-03 6.868302789475214665e-01
8.717215020540166392e+00 6.719945501060438087e-01 3.921739328048998163e-03 5.814699356622379245e-01
8.860877904472683753e+00 6.835600773144250297e-01 1.583282801457635159e-03 5.884595153987990379e-01
6.069782531249904522e+00 6.864160445055329518e-01 9.005475234315747993e-03 5.929120901348942096e-01
6.116915059419001821e+00 6.933165083416822361e-01 4.231842503360626166e-03 5.846400744643603931e-01
6.711771384997541112e+00 6.977202188376184777e-01 3.621097845502812499e-03 6.242738523612683110e-01
1.430523805135681314e+01 7.093494271910675275e-01 2.886454496338800458e-03 6.765253674044053867e-01
8.638586866643432671e+00 7.018085943552693218e-01 8.628082585300057361e-04 6.844447063410813437e-01
9.500324001082852021e+00 6.921002903029140896e-01 1.461647641139517074e-03 7.213921776707674649e-01
7.835257067698909061e+00 6.778666311122454324e-01 3.266927861146037490e-03 6.948709576543637967e-01
7.096936820920346278e+00 6.714901690857602023e-01 2.246126901802163092e-03 6.543447034299705312e-01
8.196031461402244034e+00 6.784546824128442344e-01 2.151109976675161326e-03 6.470149904769019189e-01
9.896688803488963515e+00 6.785721787688743234e-01 3.624540982620734660e-03 6.212909706834580659e-01
7.571975017704701827e+00 6.828068126347244249e-01 4.559622105630187910e-03 5.715038182111814580e-01
7.002966883580763913e+00 6.846439081831912077e-01 4.741207813523560036e-03 5.531897559271918841e-01
6.368124487552032420e+00 7.131324682670824311e-01 2.626102269168757112e-03 5.851814826884392806e-01
6.573614650227749046e+00 7.210998528172897215e-01 4.667473453117103842e-03 5.619430111213605805e-01
8.522981940395364830e+00 7.259398689718892239e-01 6.058610244895529066e-03 5.932361270556987254e-01
8.627157565388495541e+00 7.399914237909527293e-01 4.649412142039890602e-03 6.051908134410408646e-01
7.236166306820182470e+00 7.318232757440380487e-01 8.957113414419140551e-03 5.758022906432674892e-01
5.717965334164875735e+00 7.142380547715306838e-01 1.049422680942186693e-03 5.340457605673708530e-01
6.830814055295005183e+00 7.055188917497526857e-01 2.625712673744791392e-03 5.417881528094518062e-01
7.690431552392213099e+00 7.132116995326940323e-01 6.196481787608474311e-03 5.870141275751026289e-01
6.511821955365060255e+00 6.994080351200622214e-01 3.868521282624377226e-03 5.817775076665703260e-01
5.523495905721937049e+00 6.827571391165956349e-01 5.397764055347748294e-03 5.414090558809804277e-01
8.549926396171239062e+00 6.993214088884531776e-01 3.460120471721350906e-03 6.238676808517638062e-01
6.343572874292110697e+00 6.934514425001775395e-01 1.480835841690437624e-03 6.013046866246419819e-01
6.127340356881222583e+00 6.689541386435133852e-01 2.371888017230009034e-03 5.755095594291214089e-01
9.082877223373825970e+00 6.628574303576150184e-01 2.045326520568766134e-03 6.021710418344260463e-01
6.096229912057783196e+00 6.435540628887052028e-01 2.740597219845810392e-03 5.693747896324216073e-01
6.898253500009583483e+00 6.300707755577161784e-01 2.646152038827290914e-03 5.896309715117125094e-01
5.395303493079627088e+00 6.284808990251592453e-01 4.531248102022303673e-03 5.679394452901568302e-01
5.712994534408394998e+00 6.310438131042664933e-01 7.343892897410564564e-04 5.619383409808325069e-01
7.415502472986195137e+00 6.440879352340347364e-01 1.726257415648999082e-03 5.352469940712591967e-01
9.147493060884295701e+00 6.651668754752527724e-01 1.722786476742223629e-03 5.663931032122300202e-01
1.087290164165056616e+01 6.594420072001743183e-01 9.734778339571294181e-03 5.488933261577376710e-01
5.777838974022360574e+00 6.521557186490366531e-01 5.501552326105440226e-03 5.115684866719701906e-01
6.919734501613845623e+00 6.690839589929059583e-01 5.775292098990098683e-03 5.755359994988631378e-01
1.083398407370366279e+01 6.569971869296482581e-01 7.202839113444784759e-03 5.963675115692558260e-01
2.086593250771279529e+01 6.601470909867949155e-01 5.331926619624676074e-03 7.336241331793148523e-01
3.232057423659451700e+01 6.528986060164484462e-01 4.951816152338423503e-03 7.768008988114445401e-01
7.843033194702437427e+00 6.235424008168852783e-01 3.533673681392291745e-03 5.842478584581709544e-01
7.699299985225380283e+00 6.127647022444890901e-01 5.762375071105144478e-03 5.466821261970539192e-01
6.971739671848683706e+00 6.209397334373542021e-01 4.136846922940112803e-03 5.346343404343489869e-01
6.470439479539339622e+00 6.228572500105944432e-01 3.443182157216645445e-03 5.422718672063376877e-01
7.871445065806637942e+00 6.283370491900617250e-01 3.342567069483030288e-03 5.779808254897209618e-01
7.420818822211226795e+00 6.221018213002460495e-01 8.626235411133420170e-03 5.806514059095914115e-01
8.701159206919735212e+00 6.150134151084847289e-01 2.749954261356718152e-03 6.122323134124790789e-01
7.074178393141352217e+00 5.879200556267345501e-01 4.095590754877092773e-03 5.691908292368387245e-01
7.511646761072992007e+00 5.542204974275772855e-01 3.072398187592842791e-03 5.203519447904583206e-01
1.505437660467108607e+01 5.743097100227743113e-01 3.440762674845266895e-03 7.046016615052992371e-01
3.240833631919574742e+01 5.779388026996712391e-01 1.890362507141509808e-03 8.139541158877268145e-01
1.648231851597602926e+01 5.709003496824192059e-01 4.067946687221974007e-03 6.189588580850149402e-01
5.486127170596718727e+00 5.733952258897248022e-01 4.860861744064205389e-03 5.415980954283226012e-01
7.596253541073831883e+00 5.980015653830090816e-01 3.790669013136901706e-03 5.804741856855447635e-01
6.870971940135519596e+00 6.253153760416683138e-01 4.990883992768630970e-03 5.858436434526326231e-01
9.406988526358091462e+00 6.623698056758490216e-01 5.395482371393123776e-03 6.339328052284942672e-01
5.546991894732499873e+00 6.441061125566892587e-01 4.727599523551258634e-03 5.413470659415205999e-01
6.323323393861735475e+00 6.400209310867361889e-01 2.327005487486517345e-03 5.273477896244083141e-01
7.099858764612361206e+00 6.502309765620455373e-01 8.502307361737189428e-03 5.489273945382300290e-01
5.278844912184808003e+00 6.448190602867551746e-01 4.291109878144599120e-03 5.197960680116175958e-01
5.458632980352781772e+00 6.314750482956982269e-01 5.623015865829490874e-03 5.058078445288215486e-01
8.194634121189046994e+00 6.220334012564534554e-01 4.460944543457066348e-03 5.376135415811560403e-01
5.590014519674693538e+00 6.101735144181191783e-01 4.192877831104815413e-03 5.148002713547048526e-01
6.556531819740950340e+00 6.035831554450880043e-01 7.436956596452572003e-03 5.042722779500802277e-01
6.850053895811111460e+00 6.014026030756980390e-01 2.423445281397094628e-03 5.208865953487019640e-01
5.751925469011935022e+00 5.960435763652009999e-01 2.688092006234352009e-03 4.958271478540156041e-01
5.781285207144424731e+00 5.824901001180683435e-01 2.228945527469601388e-03 4.879557830255424333e-01
8.223381073797533247e+00 5.830928894104562277e-01 3.840655871772026640e-03 5.228492708441859760e-01
7.617604475421094534e+00 5.790529578225781515e-01 1.590969415734430625e-03 5.293713687094095954e-01
6.357163641902841000e+00 5.714161572865639194e-01 5.399467358064286363e-03 5.346226824547678502e-01
8.220373489574729575e+00 5.713880284838270818e-01 2.306881176290269918e-03 5.479286483214277359e-01
6.279788291314332582e+00 5.611531497834761906e-01 1.824412505991812768e-03 5.119314781608281795e-01
5.367346905646031452e+00 5.543687494084486023e-01 1.133466198827395160e-03 4.915187044374255687e-01
5.982185876176408179e+00 5.644284726691992660e-01 1.914904418166476965e-03 5.058430692443887100e-01
6.107924971871829811e+00 5.673559694697133393e-01 1.538052249310774321e-03 5.137578483842387689e-01
5.201905870328162429e+00 5.691754484155067129e-01 4.562478733590804442e-03 5.094506801811828911e-01
8.073095450697390874e+00 5.909369657385502572e-01 6.662859172240942138e-03 5.622133415852981209e-01
9.253035101288046960e+00 5.923647489479946238e-01 4.669058562994571338e-03 5.748670976535399380e-01
6.512950158829754699e+00 5.862778217188170382e-01 4.296527802483634736e-03 5.476184996767342605e-01
6.129823307065077387e+00 5.705993915055230792e-01 3.510354495561198232e-03 5.034945975371447613e-01
6.765991399940721074e+00 5.628856348450652636e-01 5.167385009229480061e-03 5.055079668031987605e-01
5.450506552300864449e+00 5.596338508227954867e-01 4.709541810512640758e-03 4.917421726721489250e-01
4.089750657003406786e+00 5.583120608404704699e-01 3.782298274554644554e-03 4.714303703856995709e-01
6.013007070983183766e+00 5.647751887523403402e-01 7.862791363334549130e-03 4.938217108893002139e-01
4.417877890922649264e+00 5.409921743782531989e-01 6.146387173066484438e-03 4.639736454807651955e-01
1.030627867345251047e+01 5.463970067136451059e-01 2.492739458335859176e-03 5.362463354230848633e-01
1.439515044975381564e+01 5.560439556606018296e-01 3.201047764960095101e-03 6.057642022227529566e-01
1.100683926666964396e+01 5.579670755703669549e-01 1.836083701981121091e-03 5.517781992514377842e-01
6.147574297529280862e+00 5.433433902130692106e-01 4.988553987304056823e-03 5.234624249390427142e-01
6.195049642703245318e+00 5.374926500611372227e-01 2.213049920562830310e-03 5.108951811263299225e-01
1.031656456709750636e+01 5.419172882311668049e-01 9.905990055955710919e-04 5.738902746406457922e-01
6.635416618359938568e+00 5.400647780370215756e-01 1.783712690218924347e-03 5.303778816022739484e-01
6.812674366773525669e+00 5.386722269989933087e-01 7.011031303920734099e-03 5.054750476202782838e-01
6.594281565435795578e+00 5.409589387985349607e-01 7.250709849556115057e-04 5.043263459865560128e-01
5.979052238842458955e+00 5.604662770193943322e-01 1.239136453023754201e-03 5.124836074256813312e-01
5.503919390216386098e+00 5.754954983491513687e-01 1.865200139044911019e-03 4.995090449451941028e-01
6.830115703122052295e+00 5.970358148901491191e-01 1.541308662054261805e-03 5.193531511168223425e-01
7.182073176741996967e+00 6.200849649453614720e-01 2.696821411361576167e-03 5.518571933579472510e-01
6.705649812328789316e+00 6.298759818557387868e-01 2.999097700475662764e-03 5.392314454053352968e-01
8.059746855003096400e+00 6.380150861262571249e-01 2.410658612226141730e-03 5.366706233282433347e-01
9.147368130957863386e+00 6.363142262708174623e-01 3.202695620242299555e-03 5.298738944626010250e-01
6.393191017323078817e+00 6.436612640177933331e-01 3.375404227364641255e-03 5.174159389114539875e-01
7.140323746992213394e+00 6.422914236467309745e-01 1.550102984683469779e-03 5.170546218918641301e-01
5.476578040753095955e+00 6.478281308488624823e-01 2.106237503879429453e-03 5.096448921792460229e-01
7.088258700119410172e+00 6.347628673336108696e-01 4.476395390224096292e-03 5.021867090701931380e-01
6.496034038966620017e+00 6.364899027925419173e-01 1.592005834505501229e-03 5.096927591395385981e-01
5.051418047804700606e+00 6.336565199435405527e-01 4.617284200438745607e-03 5.062633264513164422e-01
5.669841477053103596e+00 6.185630216562423289e-01 4.445020121863662438e-03 4.895307451186632353e-01
4.820266818556349087e+00 5.988452920685277681e-01 7.354919978769096714e-03 4.707087496806077742e-01
4.967396139243905218e+00 5.750245782215088752e-01 4.912027562951237075e-03 4.596700841814556071e-01
4.797024796057070439e+00 5.389136268472070057e-01 4.912304727969538966e-03 4.025929047958641815e-01
4.244722843482210628e+00 5.225908911012350222e-01 5.319935570145756590e-03 4.088822902744976284e-01
5.716702166877905888e+00 5.087616763164207745e-01 4.918172490341847372e-04 4.083713204697769772e-01
4.876029509310076726e+00 4.965941105288836921e-01 5.649432362085693264e-03 4.111792984331230083e-01
4.166147441284658193e+00 4.769593880659376839e-01 9.474252450260159733e-03 3.836202870940525478e-01
5.999002696034431814e+00 4.953372048037009701e-01 4.194702738931096672e-03 4.134394631504275663e-01
4.583189057154212875e+00 5.071504071960657445e-01 5.526396449594855528e-03 4.315585556166075532e-01
5.285255948609335341e+00 5.098085011906809960e-01 4.019725703155804450e-03 4.346005985684660566e-01
4.375810291354782500e+00 5.096602450246426885e-01 6.728390496758002680e-03 4.278634921296490812e-01
6.388078478680886185e+00 5.121989207630617269e-01 5.524183319992127632e-03 4.466481958467878322e-01
5.034215346431684779e+00 5.275067699456693626e-01 7.889635114525103687e-03 4.575524724930065124e-01
6.052562293915118907e+00 5.347142912444097229e-01 4.248584114890686936e-03 5.050257758916536499e-01
6.456204315521422821e+00 5.409275115803605649e-01 6.656601807916572890e-03 5.108280566167474612e-01
5.579174872510688665e+00 5.350720375085541436e-01 7.283118218302534787e-03 4.728529874990746174e-01
6.285275524127603042e+00 5.352484273510785817e-01 5.955471364375265579e-03 5.091529245853259056e-01
6.984776097187618937e+00 5.110338352899710390e-01 2.685546135027307938e-03 4.490788953610946876e-01
7.995080288495183041e+00 5.190559700295632739e-01 3.856594986844851577e-03 4.934666377925923109e-01
5.855626475233115080e+00 5.248826732127447325e-01 4.567557025491759612e-03 4.909669755140919634e-01
6.130132467215689829e+00 5.401502945811453849e-01 3.914126691777871508e-03 5.214068332502390657e-01
7.927302046499759669e+00 5.540014823885619499e-01 3.098753083127305484e-03 5.506797339377023093e-01
5.229083782705871819e+00 5.449350564286914445e-01 1.534647543327742700e-03 5.102684633356275867e-01
6.465947032822771057e+00 5.570545269804875188e-01 1.072159513197183146e-03 5.334248361146728401e-01
7.588360740344240796e+00 5.571555626631408131e-01 2.874874967494577428e-03 5.794409704529162042e-01
7.983281748707264924e+00 5.517408822011827807e-01 3.747116578435525161e-03 5.874761771620047313e-01
9.492787714051251768e+00 5.362015446333190383e-01 2.967144950272261605e-03 5.456858014370701282e-01
6.893276661872454802e+00 5.365844177414799132e-01 4.171788336003879293e-03 5.436223778263833406e-01
1.102490814475336300e+01 5.318809598426839091e-01 3.672712452478890145e-03 5.410299403298157728e-01
4.996214384342744452e+00 5.260180033972484681e-01 5.759516093884117609e-03 4.957591223038654293e-01
7.175976800493260477e+00 5.249993988294118230e-01 4.323328620702528852e-03 5.200156828995957659e-01
5.142830960709372512e+00 5.293013321980097885e-01 2.951322509206428472e-03 5.121238342282100620e-01
6.291857032172713637e+00 5.152557171556728655e-01 5.274212926703377574e-03 4.912354800068706173e-01
5.519365540602799491e+00 5.063158538111072193e-01 5.747849711401076256e-04 4.680537625708068861e-01
5.813271549826259488e+00 5.056614710234021981e-01 1.891635053573166537e-03 4.697430076027435120e-01
4.425951277289520647e+00 5.056867288492048473e-01 1.535689571250150936e-03 4.740805012885145331e-01
5.310900840079906260e+00 4.955155375348923030e-01 3.300340016096095942e-03 4.575207190616109587e-01
5.310270889787500614e+00 4.902884471049964166e-01 5.667175712103873254e-03 4.745498694781315474e-01
6.757672538525880235e+00 4.966253540511934572e-01 5.477564163770210805e-03 4.978433562854143735e-01
5.521139046383949811e+00 5.086699398389121773e-01 3.276143881046164000e-03 5.133541532505113691e-01
6.016223911701730209e+00 5.084670680293198464e-01 2.517274975828186385e-03 5.081040058660840630e-01
5.678558041279322843e+00 5.256762413852047455e-01 1.098287101349023232e-03 5.243538848926408980e-01
6.043586403422605891e+00 5.278327458749604295e-01 3.053430089701718916e-03 5.228970254125215877e-01
6.881846405506285791e+00 5.187785082933932257e-01 2.782773883218489768e-03 5.004742319141820550e-01
6.758667266496589221e+00 5.219655429936151947e-01 1.510276991968420666e-03 5.364916135591251134e-01
7.288041901767183361e+00 5.195611590105000399e-01 1.116711460400634549e-03 5.423993556619126633e-01
5.041745672469335915e+00 5.104127432953199373e-01 2.972382650731154700e-03 5.079444270099197078e-01
4.933690145635466706e+00 5.023383299444784678e-01 5.897205933994498694e-04 4.840887820612865822e-01
5.291957049114637712e+00 5.018115826751203823e-01 3.057269869874971579e-03 4.942920446383117228e-01
6.586051077408247245e+00 5.029705961680748239e-01 2.290540441421880149e-03 4.893433486718222203e-01
5.297212855816789912e+00 4.809709578285080167e-01 2.595181190822852969e-03 4.698322723880639651e-01
4.611681398367433182e+00 4.715821166731525294e-01 2.208679267166010086e-03 4.233687511403832482e-01
4.565416888628457848e+00 4.745559351692927308e-01 5.074549147963840212e-03 4.132331878982099527e-01
6.655118754368009704e+00 4.828036066060286124e-01 2.311607556656066972e-03 4.323027802862294822e-01
6.769191953655808724e+00 4.924233822280363881e-01 7.995900713109025185e-03 4.615249981750557673e-01
6.102355685298217480e+00 5.072298936173935680e-01 3.433522831967366143e-03 4.782826390281683104e-01
7.413263698069910923e+00 5.179227206427901020e-01 2.204601500752081771e-03 4.746016543985134284e-01
6.186217602974878105e+00 5.233643216428901512e-01 2.077935879947602569e-03 4.611555409712392861e-01
7.541288615152622832e+00 5.392614400279450715e-01 2.171170098570368058e-03 4.871983378594043623e-01
6.012641206307672626e+00 5.554723886571805158e-01 9.120292121588851513e-04 4.877765531476783156e-01
5.028120186078419707e+00 5.608797919286268030e-01 1.939923492451112955e-03 4.826410104917229771e-01
6.416080525755798902e+00 5.749786490547997841e-01 7.318655786931495960e-03 5.088239206789835212e-01
4.899652159716615607e+00 5.624000704821005003e-01 1.082440762656505491e-03 4.501186281783545184e-01
4.615609135367070515e+00 5.538581310808005087e-01 5.678858223316854761e-03 4.351462969559411476e-01
7.530763314848873513e+00 5.630381084627016364e-01 8.121167368789474969e-03 4.871034672522623898e-01
5.806077060255572242e+00 5.706118170487850527e-01 9.419506229573920003e-03 4.730151385054026103e-01
4.251682598233080590e+00 5.640842273899263626e-01 6.425706624296778115e-03 4.473914148765501531e-01
5.511530036279343570e+00 5.599455610851653553e-01 3.304887820414446724e-03 4.657349279363418026e-01
6.007744851821443355e+00 5.534197313893876036e-01 4.049657224377765409e-03 4.670790345854653469e-01
5.762269906615208548e+00 5.444839677061469319e-01 2.012446734359183472e-03 4.497580325944908197e-01
